dataset,model,fold,y_true,y_pred,y_prob
wdbc,logistic_regression,0,0,0,6.035012024211397e-09
wdbc,logistic_regression,0,0,0,0.0030217836061835865
wdbc,logistic_regression,0,0,0,0.022620641958313994
wdbc,logistic_regression,0,0,0,9.129269368601855e-06
wdbc,logistic_regression,0,0,0,0.024435905858679115
wdbc,logistic_regression,0,0,0,0.002424762029756744
wdbc,logistic_regression,0,1,1,0.9963175454639365
wdbc,logistic_regression,0,1,1,0.999781486279998
wdbc,logistic_regression,0,0,0,0.003297900814435163
wdbc,logistic_regression,0,0,0,5.9953877040494156e-06
wdbc,logistic_regression,0,0,0,0.0009130845771724739
wdbc,logistic_regression,0,1,1,0.9992918336321234
wdbc,logistic_regression,0,0,0,1.055712780261752e-05
wdbc,logistic_regression,0,1,1,0.9916932205655952
wdbc,logistic_regression,0,1,1,0.9754068620708805
wdbc,logistic_regression,0,1,1,0.9913019129933922
wdbc,logistic_regression,0,0,0,0.242651157295502
wdbc,logistic_regression,0,1,1,0.8979454165915015
wdbc,logistic_regression,0,1,1,0.9112232664666119
wdbc,logistic_regression,0,1,1,0.9998210189647506
wdbc,logistic_regression,0,1,1,0.8592976421541523
wdbc,logistic_regression,0,1,1,0.9944277306652533
wdbc,logistic_regression,0,1,1,0.9899799810135623
wdbc,logistic_regression,0,1,1,0.9997174876340833
wdbc,logistic_regression,0,1,1,0.9909404303752295
wdbc,logistic_regression,0,0,0,0.000335131309557261
wdbc,logistic_regression,0,0,0,1.3317575205474222e-05
wdbc,logistic_regression,0,0,0,0.0011063864623551934
wdbc,logistic_regression,0,0,0,3.959034681135505e-05
wdbc,logistic_regression,0,0,0,2.296671882752488e-10
wdbc,logistic_regression,0,0,0,6.201509590560115e-05
wdbc,logistic_regression,0,1,1,0.9999724338027538
wdbc,logistic_regression,0,1,1,0.9983365683325441
wdbc,logistic_regression,0,1,1,0.9995521651634389
wdbc,logistic_regression,0,1,1,0.9999256891323202
wdbc,logistic_regression,0,0,0,0.0001035526021277844
wdbc,logistic_regression,0,0,0,2.464730010949794e-07
wdbc,logistic_regression,0,1,1,0.979061397663144
wdbc,logistic_regression,0,0,0,0.005446209490647611
wdbc,logistic_regression,0,0,0,0.2296882376099965
wdbc,logistic_regression,0,0,0,5.2743307573537934e-05
wdbc,logistic_regression,0,0,0,0.0017820249892619368
wdbc,logistic_regression,0,1,1,0.8802499642204088
wdbc,logistic_regression,0,0,0,1.1157093721636765e-06
wdbc,logistic_regression,0,0,0,0.35525840087923494
wdbc,logistic_regression,0,0,1,0.9307123824227785
wdbc,logistic_regression,0,0,0,0.0023233541302676783
wdbc,logistic_regression,0,0,0,0.0001520137557693201
wdbc,logistic_regression,0,1,1,0.9888333120908358
wdbc,logistic_regression,0,0,0,0.00012421059621374524
wdbc,logistic_regression,0,0,0,9.097546896453092e-08
wdbc,logistic_regression,0,0,0,4.2746758390025327e-07
wdbc,logistic_regression,0,0,0,8.825055555921959e-05
wdbc,logistic_regression,0,1,1,0.995470820958203
wdbc,logistic_regression,0,1,1,0.9997254513436231
wdbc,logistic_regression,0,1,1,0.9726896917091934
wdbc,logistic_regression,0,1,1,0.9951736766855284
wdbc,logistic_regression,0,0,0,0.02421854575879538
wdbc,logistic_regression,0,1,1,0.9994881029645533
wdbc,logistic_regression,0,1,1,0.5042620209675518
wdbc,logistic_regression,0,1,1,0.9902333963466813
wdbc,logistic_regression,0,1,1,0.9875554595934497
wdbc,logistic_regression,0,1,1,0.9984973344720985
wdbc,logistic_regression,0,1,1,0.9920705517780847
wdbc,logistic_regression,0,1,1,0.9999850734496093
wdbc,logistic_regression,0,1,1,0.9998647851046274
wdbc,logistic_regression,0,1,1,0.9985579060423021
wdbc,logistic_regression,0,0,0,0.033632877225021306
wdbc,logistic_regression,0,1,1,0.9994400021896527
wdbc,logistic_regression,0,1,1,0.9999006642131614
wdbc,logistic_regression,0,0,0,3.794687368895312e-06
wdbc,logistic_regression,0,1,1,0.997692404588913
wdbc,logistic_regression,0,1,1,0.9697683068019407
wdbc,logistic_regression,0,1,1,0.5926637398226279
wdbc,logistic_regression,0,1,1,0.9981120951089654
wdbc,logistic_regression,0,0,0,3.49414612839349e-05
wdbc,logistic_regression,0,0,0,9.331279852748155e-08
wdbc,logistic_regression,0,1,1,0.9780637767887539
wdbc,logistic_regression,0,0,0,0.0006522102533430998
wdbc,logistic_regression,0,1,1,0.997269710894076
wdbc,logistic_regression,0,1,1,0.9437991045310007
wdbc,logistic_regression,0,1,1,0.9961212136965973
wdbc,logistic_regression,0,1,1,0.9997995083431023
wdbc,logistic_regression,0,1,1,0.9988568637921196
wdbc,logistic_regression,0,1,1,0.9999597964427995
wdbc,logistic_regression,0,1,1,0.8793433614018885
wdbc,logistic_regression,0,1,1,0.960713738640131
wdbc,logistic_regression,0,1,0,0.3103740387087444
wdbc,logistic_regression,0,1,1,0.9976617941740163
wdbc,logistic_regression,0,1,1,0.9943073326421339
wdbc,logistic_regression,0,1,1,0.9966483642075611
wdbc,logistic_regression,0,1,1,0.9997320170231823
wdbc,logistic_regression,0,1,1,0.9999870700248988
wdbc,logistic_regression,0,0,0,4.429308863165301e-06
wdbc,logistic_regression,0,1,1,0.9998603960140828
wdbc,logistic_regression,0,1,1,0.9815970827902462
wdbc,logistic_regression,0,1,1,0.9912740971167757
wdbc,logistic_regression,0,1,0,0.4916505080994912
wdbc,logistic_regression,0,1,1,0.9988030912044494
wdbc,logistic_regression,0,1,1,0.9975570344157947
wdbc,logistic_regression,0,1,1,0.911022948657535
wdbc,logistic_regression,0,1,1,0.890242217620757
wdbc,logistic_regression,0,1,1,0.9112624640792084
wdbc,logistic_regression,0,1,1,0.8360522563973335
wdbc,logistic_regression,0,0,0,0.09119383341872747
wdbc,logistic_regression,0,0,0,0.00018349328693106982
wdbc,logistic_regression,0,1,1,0.9914121467276078
wdbc,logistic_regression,0,1,1,0.999950081038174
wdbc,logistic_regression,0,1,1,0.9364525234114653
wdbc,logistic_regression,0,1,1,0.9995823893176001
wdbc,logistic_regression,0,1,1,0.9998695025123265
wdbc,logistic_regression,0,1,1,0.9924536434097726
wdbc,logistic_regression,0,0,0,9.795619307700466e-07
wdbc,logistic_regression,0,0,0,1.7802071045243249e-09
wdbc,random_forest,0,0,0,0.115
wdbc,random_forest,0,0,0,0.045
wdbc,random_forest,0,0,0,0.06
wdbc,random_forest,0,0,0,0.0
wdbc,random_forest,0,0,0,0.205
wdbc,random_forest,0,0,0,0.05
wdbc,random_forest,0,1,1,1.0
wdbc,random_forest,0,1,1,0.99
wdbc,random_forest,0,0,0,0.05
wdbc,random_forest,0,0,0,0.0
wdbc,random_forest,0,0,0,0.0
wdbc,random_forest,0,1,1,0.965
wdbc,random_forest,0,0,0,0.045
wdbc,random_forest,0,1,1,0.995
wdbc,random_forest,0,1,1,0.995
wdbc,random_forest,0,1,1,1.0
wdbc,random_forest,0,0,1,0.59
wdbc,random_forest,0,1,1,0.97
wdbc,random_forest,0,1,1,0.905
wdbc,random_forest,0,1,1,1.0
wdbc,random_forest,0,1,1,0.97
wdbc,random_forest,0,1,1,0.88
wdbc,random_forest,0,1,0,0.42
wdbc,random_forest,0,1,1,0.975
wdbc,random_forest,0,1,1,1.0
wdbc,random_forest,0,0,0,0.03
wdbc,random_forest,0,0,0,0.0
wdbc,random_forest,0,0,0,0.055
wdbc,random_forest,0,0,0,0.0
wdbc,random_forest,0,0,0,0.015
wdbc,random_forest,0,0,0,0.12
wdbc,random_forest,0,1,1,1.0
wdbc,random_forest,0,1,1,0.96
wdbc,random_forest,0,1,1,0.905
wdbc,random_forest,0,1,1,1.0
wdbc,random_forest,0,0,0,0.13
wdbc,random_forest,0,0,0,0.0
wdbc,random_forest,0,1,1,0.92
wdbc,random_forest,0,0,0,0.2
wdbc,random_forest,0,0,0,0.135
wdbc,random_forest,0,0,0,0.0
wdbc,random_forest,0,0,0,0.07
wdbc,random_forest,0,1,1,0.99
wdbc,random_forest,0,0,0,0.005
wdbc,random_forest,0,0,0,0.34
wdbc,random_forest,0,0,0,0.075
wdbc,random_forest,0,0,0,0.08
wdbc,random_forest,0,0,0,0.02
wdbc,random_forest,0,1,1,0.99
wdbc,random_forest,0,0,0,0.0
wdbc,random_forest,0,0,0,0.0
wdbc,random_forest,0,0,0,0.0
wdbc,random_forest,0,0,0,0.005
wdbc,random_forest,0,1,1,0.99
wdbc,random_forest,0,1,1,1.0
wdbc,random_forest,0,1,1,0.75
wdbc,random_forest,0,1,1,0.975
wdbc,random_forest,0,0,0,0.02
wdbc,random_forest,0,1,1,0.975
wdbc,random_forest,0,1,1,0.655
wdbc,random_forest,0,1,1,0.99
wdbc,random_forest,0,1,1,0.885
wdbc,random_forest,0,1,1,0.995
wdbc,random_forest,0,1,1,0.935
wdbc,random_forest,0,1,1,1.0
wdbc,random_forest,0,1,1,1.0
wdbc,random_forest,0,1,1,1.0
wdbc,random_forest,0,0,0,0.08
wdbc,random_forest,0,1,1,1.0
wdbc,random_forest,0,1,1,1.0
wdbc,random_forest,0,0,0,0.0
wdbc,random_forest,0,1,1,1.0
wdbc,random_forest,0,1,1,0.885
wdbc,random_forest,0,1,0,0.23
wdbc,random_forest,0,1,1,1.0
wdbc,random_forest,0,0,0,0.0
wdbc,random_forest,0,0,0,0.0
wdbc,random_forest,0,1,1,0.995
wdbc,random_forest,0,0,0,0.05
wdbc,random_forest,0,1,1,0.99
wdbc,random_forest,0,1,1,0.675
wdbc,random_forest,0,1,1,0.98
wdbc,random_forest,0,1,1,0.99
wdbc,random_forest,0,1,1,0.995
wdbc,random_forest,0,1,1,1.0
wdbc,random_forest,0,1,0,0.44
wdbc,random_forest,0,1,1,0.995
wdbc,random_forest,0,1,1,0.62
wdbc,random_forest,0,1,1,1.0
wdbc,random_forest,0,1,1,0.995
wdbc,random_forest,0,1,1,0.99
wdbc,random_forest,0,1,1,1.0
wdbc,random_forest,0,1,1,1.0
wdbc,random_forest,0,0,0,0.0
wdbc,random_forest,0,1,1,0.995
wdbc,random_forest,0,1,1,0.985
wdbc,random_forest,0,1,1,0.99
wdbc,random_forest,0,1,1,0.95
wdbc,random_forest,0,1,1,0.985
wdbc,random_forest,0,1,1,1.0
wdbc,random_forest,0,1,1,0.61
wdbc,random_forest,0,1,1,0.645
wdbc,random_forest,0,1,1,0.795
wdbc,random_forest,0,1,1,0.665
wdbc,random_forest,0,0,0,0.025
wdbc,random_forest,0,0,0,0.005
wdbc,random_forest,0,1,1,0.98
wdbc,random_forest,0,1,1,0.995
wdbc,random_forest,0,1,1,0.905
wdbc,random_forest,0,1,1,0.935
wdbc,random_forest,0,1,1,1.0
wdbc,random_forest,0,1,1,0.905
wdbc,random_forest,0,0,0,0.0
wdbc,random_forest,0,0,0,0.0
wdbc,gradient_boosting,0,0,0,0.0016340726349443708
wdbc,gradient_boosting,0,0,0,0.00011126083026013441
wdbc,gradient_boosting,0,0,0,0.0019549137865768197
wdbc,gradient_boosting,0,0,0,2.6926796155997614e-05
wdbc,gradient_boosting,0,0,0,0.009405764878160043
wdbc,gradient_boosting,0,0,0,0.001107508267257062
wdbc,gradient_boosting,0,1,1,0.9984394339404157
wdbc,gradient_boosting,0,1,1,0.9999256636264409
wdbc,gradient_boosting,0,0,0,0.0001642198580510569
wdbc,gradient_boosting,0,0,0,5.48275027622609e-05
wdbc,gradient_boosting,0,0,0,5.486542136620533e-05
wdbc,gradient_boosting,0,1,1,0.9998503003536909
wdbc,gradient_boosting,0,0,0,0.0010578454789123347
wdbc,gradient_boosting,0,1,1,0.9999103233853847
wdbc,gradient_boosting,0,1,1,0.9984546132074393
wdbc,gradient_boosting,0,1,1,0.9998902449494679
wdbc,gradient_boosting,0,0,0,0.3493659645771484
wdbc,gradient_boosting,0,1,1,0.998571737921598
wdbc,gradient_boosting,0,1,1,0.9979593841386262
wdbc,gradient_boosting,0,1,1,0.9999705970487033
wdbc,gradient_boosting,0,1,1,0.9935662783423248
wdbc,gradient_boosting,0,1,1,0.9926395566051341
wdbc,gradient_boosting,0,1,1,0.9268124501764069
wdbc,gradient_boosting,0,1,1,0.9999379170171272
wdbc,gradient_boosting,0,1,1,0.9991129815336173
wdbc,gradient_boosting,0,0,0,5.627683078543924e-05
wdbc,gradient_boosting,0,0,0,2.9597624462625525e-05
wdbc,gradient_boosting,0,0,0,0.0008848209989221883
wdbc,gradient_boosting,0,0,0,0.00010348905534314417
wdbc,gradient_boosting,0,0,0,5.454397442752836e-05
wdbc,gradient_boosting,0,0,0,0.00021383100308266161
wdbc,gradient_boosting,0,1,1,0.9999844743119557
wdbc,gradient_boosting,0,1,1,0.9999328745976483
wdbc,gradient_boosting,0,1,1,0.9987230154696333
wdbc,gradient_boosting,0,1,1,0.9999669228761625
wdbc,gradient_boosting,0,0,0,0.0011983321479513947
wdbc,gradient_boosting,0,0,0,0.0001075004589372634
wdbc,gradient_boosting,0,1,1,0.9971988810625737
wdbc,gradient_boosting,0,0,0,0.0005259188487356818
wdbc,gradient_boosting,0,0,0,0.009280134454220369
wdbc,gradient_boosting,0,0,0,7.371573814087913e-05
wdbc,gradient_boosting,0,0,0,0.00010788113170563089
wdbc,gradient_boosting,0,1,1,0.9992079149451037
wdbc,gradient_boosting,0,0,0,1.956162315354566e-05
wdbc,gradient_boosting,0,0,1,0.5390815169220251
wdbc,gradient_boosting,0,0,0,0.0019271209345017469
wdbc,gradient_boosting,0,0,0,8.666790623391475e-05
wdbc,gradient_boosting,0,0,0,7.630193114343236e-05
wdbc,gradient_boosting,0,1,1,0.9999757818066171
wdbc,gradient_boosting,0,0,0,5.537935291792396e-05
wdbc,gradient_boosting,0,0,0,6.258120773238693e-05
wdbc,gradient_boosting,0,0,0,0.0001456372456395393
wdbc,gradient_boosting,0,0,0,0.00010995149465348654
wdbc,gradient_boosting,0,1,1,0.9999650307761925
wdbc,gradient_boosting,0,1,1,0.9999279443977432
wdbc,gradient_boosting,0,1,1,0.9965051450271042
wdbc,gradient_boosting,0,1,1,0.9976451502879636
wdbc,gradient_boosting,0,0,0,0.0001768339529719223
wdbc,gradient_boosting,0,1,1,0.9997549562407129
wdbc,gradient_boosting,0,1,1,0.9756933516207734
wdbc,gradient_boosting,0,1,1,0.9999465065245859
wdbc,gradient_boosting,0,1,1,0.9986843499037844
wdbc,gradient_boosting,0,1,1,0.9999342239144902
wdbc,gradient_boosting,0,1,1,0.9988817523268289
wdbc,gradient_boosting,0,1,1,0.9999802950740567
wdbc,gradient_boosting,0,1,1,0.999947690039777
wdbc,gradient_boosting,0,1,1,0.9999567362260808
wdbc,gradient_boosting,0,0,0,0.00026227067128404955
wdbc,gradient_boosting,0,1,1,0.9999023768896497
wdbc,gradient_boosting,0,1,1,0.9999704633989039
wdbc,gradient_boosting,0,0,0,2.9500753553615075e-05
wdbc,gradient_boosting,0,1,1,0.9998939894002016
wdbc,gradient_boosting,0,1,1,0.9971047273240098
wdbc,gradient_boosting,0,1,1,0.8605048363918112
wdbc,gradient_boosting,0,1,1,0.9999215638295789
wdbc,gradient_boosting,0,0,0,5.545681329856191e-05
wdbc,gradient_boosting,0,0,0,5.652329688822112e-05
wdbc,gradient_boosting,0,1,1,0.9998340349221094
wdbc,gradient_boosting,0,0,0,0.0006078664061992272
wdbc,gradient_boosting,0,1,1,0.9999601236972788
wdbc,gradient_boosting,0,1,1,0.9988919795657318
wdbc,gradient_boosting,0,1,1,0.9999770815081784
wdbc,gradient_boosting,0,1,1,0.9998813180669992
wdbc,gradient_boosting,0,1,1,0.999965365825938
wdbc,gradient_boosting,0,1,1,0.9999757092438994
wdbc,gradient_boosting,0,1,1,0.8639614794482562
wdbc,gradient_boosting,0,1,1,0.9997693731151323
wdbc,gradient_boosting,0,1,1,0.8092009874292269
wdbc,gradient_boosting,0,1,1,0.9998821138485744
wdbc,gradient_boosting,0,1,1,0.9998582870218639
wdbc,gradient_boosting,0,1,1,0.9999646128566468
wdbc,gradient_boosting,0,1,1,0.9999461583116874
wdbc,gradient_boosting,0,1,1,0.9997292912470386
wdbc,gradient_boosting,0,0,0,7.774688727139742e-05
wdbc,gradient_boosting,0,1,1,0.9999337767574935
wdbc,gradient_boosting,0,1,1,0.9998079923022898
wdbc,gradient_boosting,0,1,1,0.9994719458932327
wdbc,gradient_boosting,0,1,1,0.9758690818306309
wdbc,gradient_boosting,0,1,1,0.9995811128237797
wdbc,gradient_boosting,0,1,1,0.9999697530633809
wdbc,gradient_boosting,0,1,1,0.99297103152438
wdbc,gradient_boosting,0,1,0,0.40286095105802583
wdbc,gradient_boosting,0,1,1,0.9663519902738538
wdbc,gradient_boosting,0,1,1,0.9504919267949458
wdbc,gradient_boosting,0,0,0,0.00011392171837611524
wdbc,gradient_boosting,0,0,0,4.909814387319424e-05
wdbc,gradient_boosting,0,1,1,0.9999512563612133
wdbc,gradient_boosting,0,1,1,0.9999713191269969
wdbc,gradient_boosting,0,1,1,0.9915282796748391
wdbc,gradient_boosting,0,1,1,0.9999599196848412
wdbc,gradient_boosting,0,1,1,0.9999510780038647
wdbc,gradient_boosting,0,1,1,0.9999097903920408
wdbc,gradient_boosting,0,0,0,6.630094809153615e-05
wdbc,gradient_boosting,0,0,0,6.220977797808479e-05
wdbc,logistic_regression,1,0,0,0.0019839490461971998
wdbc,logistic_regression,1,0,0,5.875813102073979e-05
wdbc,logistic_regression,1,0,0,6.827877073845141e-05
wdbc,logistic_regression,1,0,1,0.6005050537626111
wdbc,logistic_regression,1,1,1,0.9563595643435123
wdbc,logistic_regression,1,1,1,0.9999887300086834
wdbc,logistic_regression,1,0,0,1.0412556805828609e-08
wdbc,logistic_regression,1,0,0,1.0474427000163767e-08
wdbc,logistic_regression,1,0,0,0.039947280954678206
wdbc,logistic_regression,1,0,0,0.14678808662878567
wdbc,logistic_regression,1,0,0,1.2828671571032973e-07
wdbc,logistic_regression,1,0,0,0.004969907783261527
wdbc,logistic_regression,1,1,1,0.9999851829920502
wdbc,logistic_regression,1,1,1,0.9999975858022941
wdbc,logistic_regression,1,1,1,0.7586818513476121
wdbc,logistic_regression,1,1,1,0.9994982476501969
wdbc,logistic_regression,1,1,1,0.9980462645282919
wdbc,logistic_regression,1,0,0,0.0005946701648721176
wdbc,logistic_regression,1,0,0,1.4446415647442077e-05
wdbc,logistic_regression,1,0,0,0.49972425766148576
wdbc,logistic_regression,1,1,1,0.9824685944773236
wdbc,logistic_regression,1,1,1,0.9998011827782753
wdbc,logistic_regression,1,1,1,0.9993874984798569
wdbc,logistic_regression,1,0,0,0.06395403416596107
wdbc,logistic_regression,1,1,1,0.9999314791693202
wdbc,logistic_regression,1,0,0,0.0028472208169111586
wdbc,logistic_regression,1,0,1,0.8778462119925731
wdbc,logistic_regression,1,1,1,0.9997338763719545
wdbc,logistic_regression,1,1,1,0.9993402766259376
wdbc,logistic_regression,1,1,1,0.9999670193504518
wdbc,logistic_regression,1,0,1,0.6186321220763912
wdbc,logistic_regression,1,1,1,0.8840141744084136
wdbc,logistic_regression,1,1,1,0.990813609175312
wdbc,logistic_regression,1,1,1,0.978373854263068
wdbc,logistic_regression,1,1,1,0.9971904383122774
wdbc,logistic_regression,1,1,1,0.9998468051572997
wdbc,logistic_regression,1,1,1,0.9824323842840738
wdbc,logistic_regression,1,1,1,0.9938637678100858
wdbc,logistic_regression,1,0,0,0.09904000879253778
wdbc,logistic_regression,1,0,0,0.005998268821846973
wdbc,logistic_regression,1,1,1,0.9999997012104198
wdbc,logistic_regression,1,1,1,0.9998590785126196
wdbc,logistic_regression,1,0,0,0.003976760248096348
wdbc,logistic_regression,1,1,1,0.9999728131055389
wdbc,logistic_regression,1,1,1,0.9999998001536139
wdbc,logistic_regression,1,0,0,0.013929235037125218
wdbc,logistic_regression,1,1,1,0.9732638519891386
wdbc,logistic_regression,1,1,1,0.9920588686331492
wdbc,logistic_regression,1,1,1,0.9604448962399728
wdbc,logistic_regression,1,0,0,1.4189193311517023e-06
wdbc,logistic_regression,1,1,1,0.5176018861373113
wdbc,logistic_regression,1,1,1,0.9855681088334464
wdbc,logistic_regression,1,1,1,0.9990992874921658
wdbc,logistic_regression,1,0,0,0.003920617787270497
wdbc,logistic_regression,1,0,1,0.5311085191068265
wdbc,logistic_regression,1,0,0,6.781759533855047e-08
wdbc,logistic_regression,1,0,1,0.6882025569446776
wdbc,logistic_regression,1,1,1,0.9996421809767143
wdbc,logistic_regression,1,0,0,9.697847125135008e-10
wdbc,logistic_regression,1,1,1,0.9999193056195562
wdbc,logistic_regression,1,1,1,0.9999841282122752
wdbc,logistic_regression,1,1,1,0.9970593629734608
wdbc,logistic_regression,1,1,1,0.9929853793664362
wdbc,logistic_regression,1,0,0,6.006185346586077e-08
wdbc,logistic_regression,1,1,1,0.9999524796997699
wdbc,logistic_regression,1,1,1,0.9975292874775423
wdbc,logistic_regression,1,1,1,0.9998852272873004
wdbc,logistic_regression,1,0,0,6.475739930424214e-09
wdbc,logistic_regression,1,1,1,0.9996662187135266
wdbc,logistic_regression,1,1,1,0.9999996326729924
wdbc,logistic_regression,1,1,1,0.9999914749191006
wdbc,logistic_regression,1,1,1,0.9999869587849246
wdbc,logistic_regression,1,1,1,0.9945569078344856
wdbc,logistic_regression,1,1,1,0.9999566040840293
wdbc,logistic_regression,1,0,0,0.0008431507163072896
wdbc,logistic_regression,1,0,0,0.17913304180522918
wdbc,logistic_regression,1,0,0,1.8326073739620304e-06
wdbc,logistic_regression,1,1,1,0.9999957525368662
wdbc,logistic_regression,1,1,1,0.9999878430684107
wdbc,logistic_regression,1,1,1,0.9999138814643674
wdbc,logistic_regression,1,1,1,0.9957260876379974
wdbc,logistic_regression,1,0,0,9.104653359676693e-11
wdbc,logistic_regression,1,0,0,0.005405170999708148
wdbc,logistic_regression,1,1,1,0.9999769287060711
wdbc,logistic_regression,1,1,1,0.9998933445538764
wdbc,logistic_regression,1,0,0,2.473676273631663e-06
wdbc,logistic_regression,1,1,1,0.9991893109755743
wdbc,logistic_regression,1,1,1,0.9999293514222053
wdbc,logistic_regression,1,1,1,0.9990559519620815
wdbc,logistic_regression,1,0,0,0.0005442476077746164
wdbc,logistic_regression,1,0,0,3.5778266235172084e-08
wdbc,logistic_regression,1,0,0,0.022843768190815555
wdbc,logistic_regression,1,1,1,0.9941400502624799
wdbc,logistic_regression,1,0,0,0.0003452056900137992
wdbc,logistic_regression,1,0,0,1.337692637566227e-07
wdbc,logistic_regression,1,1,1,0.9998374300572113
wdbc,logistic_regression,1,1,1,0.9850560273590329
wdbc,logistic_regression,1,1,1,0.7973780082589534
wdbc,logistic_regression,1,1,1,0.999993729238228
wdbc,logistic_regression,1,1,1,0.9975959926583153
wdbc,logistic_regression,1,1,1,0.8967617808419935
wdbc,logistic_regression,1,0,0,7.51889602181825e-05
wdbc,logistic_regression,1,1,1,0.996058427458938
wdbc,logistic_regression,1,1,1,0.9983712116397615
wdbc,logistic_regression,1,0,0,3.734971898324136e-05
wdbc,logistic_regression,1,1,1,0.9265814970412249
wdbc,logistic_regression,1,1,1,0.998837690046081
wdbc,logistic_regression,1,1,1,0.978313802416206
wdbc,logistic_regression,1,1,1,0.9994137036899176
wdbc,logistic_regression,1,1,1,0.9999700162217451
wdbc,logistic_regression,1,1,1,0.9999270788915925
wdbc,logistic_regression,1,1,1,0.9797516135480371
wdbc,logistic_regression,1,1,1,0.9997538541360323
wdbc,logistic_regression,1,0,0,4.27570346481639e-06
wdbc,random_forest,1,0,0,0.35
wdbc,random_forest,1,0,0,0.065
wdbc,random_forest,1,0,0,0.0
wdbc,random_forest,1,0,1,0.545
wdbc,random_forest,1,1,1,0.985
wdbc,random_forest,1,1,1,0.99
wdbc,random_forest,1,0,0,0.01
wdbc,random_forest,1,0,0,0.0
wdbc,random_forest,1,0,0,0.225
wdbc,random_forest,1,0,1,0.6
wdbc,random_forest,1,0,0,0.0
wdbc,random_forest,1,0,0,0.06
wdbc,random_forest,1,1,1,1.0
wdbc,random_forest,1,1,1,0.99
wdbc,random_forest,1,1,1,0.815
wdbc,random_forest,1,1,1,0.995
wdbc,random_forest,1,1,1,0.995
wdbc,random_forest,1,0,0,0.015
wdbc,random_forest,1,0,0,0.0
wdbc,random_forest,1,0,0,0.485
wdbc,random_forest,1,1,1,1.0
wdbc,random_forest,1,1,1,0.99
wdbc,random_forest,1,1,1,1.0
wdbc,random_forest,1,0,1,0.53
wdbc,random_forest,1,1,1,1.0
wdbc,random_forest,1,0,0,0.0
wdbc,random_forest,1,0,1,1.0
wdbc,random_forest,1,1,1,1.0
wdbc,random_forest,1,1,1,1.0
wdbc,random_forest,1,1,1,1.0
wdbc,random_forest,1,0,1,0.565
wdbc,random_forest,1,1,1,0.525
wdbc,random_forest,1,1,1,0.99
wdbc,random_forest,1,1,1,0.71
wdbc,random_forest,1,1,1,1.0
wdbc,random_forest,1,1,1,1.0
wdbc,random_forest,1,1,1,0.995
wdbc,random_forest,1,1,1,1.0
wdbc,random_forest,1,0,0,0.38
wdbc,random_forest,1,0,0,0.1
wdbc,random_forest,1,1,1,0.995
wdbc,random_forest,1,1,1,0.975
wdbc,random_forest,1,0,0,0.045
wdbc,random_forest,1,1,1,0.98
wdbc,random_forest,1,1,1,0.96
wdbc,random_forest,1,0,0,0.49
wdbc,random_forest,1,1,1,0.67
wdbc,random_forest,1,1,1,1.0
wdbc,random_forest,1,1,1,0.745
wdbc,random_forest,1,0,0,0.015
wdbc,random_forest,1,1,1,0.785
wdbc,random_forest,1,1,1,0.985
wdbc,random_forest,1,1,1,1.0
wdbc,random_forest,1,0,0,0.005
wdbc,random_forest,1,0,1,0.6
wdbc,random_forest,1,0,0,0.0
wdbc,random_forest,1,0,0,0.48
wdbc,random_forest,1,1,1,1.0
wdbc,random_forest,1,0,0,0.0
wdbc,random_forest,1,1,1,1.0
wdbc,random_forest,1,1,1,1.0
wdbc,random_forest,1,1,1,0.985
wdbc,random_forest,1,1,1,1.0
wdbc,random_forest,1,0,0,0.0
wdbc,random_forest,1,1,1,1.0
wdbc,random_forest,1,1,1,1.0
wdbc,random_forest,1,1,1,1.0
wdbc,random_forest,1,0,0,0.0
wdbc,random_forest,1,1,1,1.0
wdbc,random_forest,1,1,1,0.98
wdbc,random_forest,1,1,1,0.98
wdbc,random_forest,1,1,1,0.985
wdbc,random_forest,1,1,1,0.99
wdbc,random_forest,1,1,1,1.0
wdbc,random_forest,1,0,0,0.0
wdbc,random_forest,1,0,0,0.23
wdbc,random_forest,1,0,0,0.0
wdbc,random_forest,1,1,1,1.0
wdbc,random_forest,1,1,1,0.97
wdbc,random_forest,1,1,1,0.995
wdbc,random_forest,1,1,1,1.0
wdbc,random_forest,1,0,0,0.005
wdbc,random_forest,1,0,0,0.425
wdbc,random_forest,1,1,1,1.0
wdbc,random_forest,1,1,1,0.995
wdbc,random_forest,1,0,0,0.01
wdbc,random_forest,1,1,1,0.99
wdbc,random_forest,1,1,1,1.0
wdbc,random_forest,1,1,1,0.965
wdbc,random_forest,1,0,0,0.005
wdbc,random_forest,1,0,0,0.0
wdbc,random_forest,1,0,0,0.095
wdbc,random_forest,1,1,1,1.0
wdbc,random_forest,1,0,0,0.035
wdbc,random_forest,1,0,0,0.015
wdbc,random_forest,1,1,1,0.96
wdbc,random_forest,1,1,1,1.0
wdbc,random_forest,1,1,0,0.265
wdbc,random_forest,1,1,1,1.0
wdbc,random_forest,1,1,1,1.0
wdbc,random_forest,1,1,1,0.86
wdbc,random_forest,1,0,0,0.005
wdbc,random_forest,1,1,1,0.995
wdbc,random_forest,1,1,1,0.96
wdbc,random_forest,1,0,0,0.01
wdbc,random_forest,1,1,1,0.99
wdbc,random_forest,1,1,1,0.98
wdbc,random_forest,1,1,1,0.985
wdbc,random_forest,1,1,1,0.995
wdbc,random_forest,1,1,1,0.995
wdbc,random_forest,1,1,1,1.0
wdbc,random_forest,1,1,1,1.0
wdbc,random_forest,1,1,1,0.99
wdbc,random_forest,1,0,0,0.025
wdbc,gradient_boosting,1,0,0,0.4405928015615413
wdbc,gradient_boosting,1,0,0,0.0011031565460050885
wdbc,gradient_boosting,1,0,0,0.0001064197917994541
wdbc,gradient_boosting,1,0,1,0.5105966791477766
wdbc,gradient_boosting,1,1,1,0.9997234889574707
wdbc,gradient_boosting,1,1,1,0.9999705731025861
wdbc,gradient_boosting,1,0,0,7.818269459247125e-05
wdbc,gradient_boosting,1,0,0,2.554896699065326e-05
wdbc,gradient_boosting,1,0,0,0.008243626356726519
wdbc,gradient_boosting,1,0,1,0.909649837012493
wdbc,gradient_boosting,1,0,0,2.1286976151986438e-05
wdbc,gradient_boosting,1,0,0,0.00045897347441800884
wdbc,gradient_boosting,1,1,1,0.9999149418667924
wdbc,gradient_boosting,1,1,1,0.9999664981381851
wdbc,gradient_boosting,1,1,1,0.9235935407325108
wdbc,gradient_boosting,1,1,1,0.9998761725046926
wdbc,gradient_boosting,1,1,1,0.9999626552345745
wdbc,gradient_boosting,1,0,0,6.734946909584489e-05
wdbc,gradient_boosting,1,0,0,3.589694998774559e-05
wdbc,gradient_boosting,1,0,0,0.25796554390068427
wdbc,gradient_boosting,1,1,1,0.9999291317586485
wdbc,gradient_boosting,1,1,1,0.9996790803833056
wdbc,gradient_boosting,1,1,1,0.9998992800165888
wdbc,gradient_boosting,1,0,0,0.008624259088870559
wdbc,gradient_boosting,1,1,1,0.9999710956416052
wdbc,gradient_boosting,1,0,0,0.0001002652992592216
wdbc,gradient_boosting,1,0,1,0.9977138870620726
wdbc,gradient_boosting,1,1,1,0.9999594471449417
wdbc,gradient_boosting,1,1,1,0.999888898145919
wdbc,gradient_boosting,1,1,1,0.9999566704483077
wdbc,gradient_boosting,1,0,0,0.45479114558486977
wdbc,gradient_boosting,1,1,1,0.8115953626834727
wdbc,gradient_boosting,1,1,1,0.9998470793033892
wdbc,gradient_boosting,1,1,1,0.962058511234399
wdbc,gradient_boosting,1,1,1,0.999977571346863
wdbc,gradient_boosting,1,1,1,0.9999504812691219
wdbc,gradient_boosting,1,1,1,0.9981947440732338
wdbc,gradient_boosting,1,1,1,0.99997573402311
wdbc,gradient_boosting,1,0,0,0.011801148896315164
wdbc,gradient_boosting,1,0,0,0.0004300284207835183
wdbc,gradient_boosting,1,1,1,0.9999584228543785
wdbc,gradient_boosting,1,1,1,0.9998578323839094
wdbc,gradient_boosting,1,0,0,0.00022173241646165638
wdbc,gradient_boosting,1,1,1,0.9999630505832666
wdbc,gradient_boosting,1,1,1,0.9997010116377347
wdbc,gradient_boosting,1,0,1,0.5711593992443158
wdbc,gradient_boosting,1,1,1,0.9935187069420529
wdbc,gradient_boosting,1,1,1,0.9999343706462378
wdbc,gradient_boosting,1,1,1,0.9997899628929892
wdbc,gradient_boosting,1,0,0,3.3302455506378595e-05
wdbc,gradient_boosting,1,1,1,0.9938565441402314
wdbc,gradient_boosting,1,1,1,0.9995988147555228
wdbc,gradient_boosting,1,1,1,0.999877176622402
wdbc,gradient_boosting,1,0,0,8.881041162999837e-05
wdbc,gradient_boosting,1,0,1,0.5150527249280915
wdbc,gradient_boosting,1,0,0,7.72390515957529e-05
wdbc,gradient_boosting,1,0,1,0.9762669988505389
wdbc,gradient_boosting,1,1,1,0.9999753627055047
wdbc,gradient_boosting,1,0,0,6.068627421126008e-05
wdbc,gradient_boosting,1,1,1,0.9999536637888041
wdbc,gradient_boosting,1,1,1,0.9999515133428051
wdbc,gradient_boosting,1,1,1,0.9997955915754783
wdbc,gradient_boosting,1,1,1,0.9999421807211766
wdbc,gradient_boosting,1,0,0,2.707807229710085e-05
wdbc,gradient_boosting,1,1,1,0.999943747243595
wdbc,gradient_boosting,1,1,1,0.9999559551108705
wdbc,gradient_boosting,1,1,1,0.999963338643932
wdbc,gradient_boosting,1,0,0,3.260946049855038e-05
wdbc,gradient_boosting,1,1,1,0.9998711077530433
wdbc,gradient_boosting,1,1,1,0.9998106697243031
wdbc,gradient_boosting,1,1,1,0.9999480213439584
wdbc,gradient_boosting,1,1,1,0.9998265598108566
wdbc,gradient_boosting,1,1,1,0.9998295828121312
wdbc,gradient_boosting,1,1,1,0.9999268203435611
wdbc,gradient_boosting,1,0,0,7.660734492876805e-05
wdbc,gradient_boosting,1,0,0,0.0546210306429135
wdbc,gradient_boosting,1,0,0,0.00010025828466704614
wdbc,gradient_boosting,1,1,1,0.9999627001064804
wdbc,gradient_boosting,1,1,1,0.9999752721805997
wdbc,gradient_boosting,1,1,1,0.999856200494785
wdbc,gradient_boosting,1,1,1,0.9998334429177356
wdbc,gradient_boosting,1,0,0,4.091611272225467e-05
wdbc,gradient_boosting,1,0,0,0.4602528120224937
wdbc,gradient_boosting,1,1,1,0.999932320427527
wdbc,gradient_boosting,1,1,1,0.9999259248972971
wdbc,gradient_boosting,1,0,0,3.856658290895088e-05
wdbc,gradient_boosting,1,1,1,0.9999492401256379
wdbc,gradient_boosting,1,1,1,0.9998761537658936
wdbc,gradient_boosting,1,1,1,0.9996148585500222
wdbc,gradient_boosting,1,0,0,2.9906325260031902e-05
wdbc,gradient_boosting,1,0,0,2.610932056213438e-05
wdbc,gradient_boosting,1,0,0,0.00013893752990614072
wdbc,gradient_boosting,1,1,1,0.9999122094979916
wdbc,gradient_boosting,1,0,0,5.7315721044435716e-05
wdbc,gradient_boosting,1,0,0,1.8109258880079302e-05
wdbc,gradient_boosting,1,1,1,0.9998156567141171
wdbc,gradient_boosting,1,1,1,0.9997660266365276
wdbc,gradient_boosting,1,1,0,0.0027206635724557585
wdbc,gradient_boosting,1,1,1,0.9999308845067979
wdbc,gradient_boosting,1,1,1,0.9999186889910701
wdbc,gradient_boosting,1,1,1,0.990270082606079
wdbc,gradient_boosting,1,0,0,0.00041416044498277383
wdbc,gradient_boosting,1,1,1,0.9998943354390841
wdbc,gradient_boosting,1,1,1,0.9999259666546003
wdbc,gradient_boosting,1,0,0,6.910728143879405e-05
wdbc,gradient_boosting,1,1,1,0.9999298695346209
wdbc,gradient_boosting,1,1,1,0.9998845603136033
wdbc,gradient_boosting,1,1,1,0.9997967769398101
wdbc,gradient_boosting,1,1,1,0.9999300544102294
wdbc,gradient_boosting,1,1,1,0.9999495881656176
wdbc,gradient_boosting,1,1,1,0.9999669383799209
wdbc,gradient_boosting,1,1,1,0.9999009251207556
wdbc,gradient_boosting,1,1,1,0.9998986697521989
wdbc,gradient_boosting,1,0,0,4.676827246234311e-05
wdbc,logistic_regression,2,0,0,0.0010831164197441783
wdbc,logistic_regression,2,0,0,0.002876425474356301
wdbc,logistic_regression,2,0,0,2.5864599814808282e-08
wdbc,logistic_regression,2,0,0,0.0006446876870247353
wdbc,logistic_regression,2,0,0,1.2202427941843382e-05
wdbc,logistic_regression,2,1,1,0.9999738013311827
wdbc,logistic_regression,2,0,0,0.24082244512717793
wdbc,logistic_regression,2,0,0,0.046250871205407565
wdbc,logistic_regression,2,0,0,0.06966862061672734
wdbc,logistic_regression,2,1,1,0.7895240905131241
wdbc,logistic_regression,2,1,1,0.9991660988232568
wdbc,logistic_regression,2,1,1,0.9993909733233743
wdbc,logistic_regression,2,0,0,0.001012289312758174
wdbc,logistic_regression,2,0,0,0.03609460261304813
wdbc,logistic_regression,2,1,1,0.9995668782554687
wdbc,logistic_regression,2,1,1,0.99996451456025
wdbc,logistic_regression,2,0,0,0.0019436819746221905
wdbc,logistic_regression,2,0,0,0.001957527888077138
wdbc,logistic_regression,2,1,1,0.9996195959966802
wdbc,logistic_regression,2,0,1,0.9457790190218704
wdbc,logistic_regression,2,1,1,0.7497255552971241
wdbc,logistic_regression,2,0,0,5.455772146723641e-12
wdbc,logistic_regression,2,1,1,0.9906282880621597
wdbc,logistic_regression,2,0,0,0.001711053426464445
wdbc,logistic_regression,2,0,0,0.03293849725671279
wdbc,logistic_regression,2,1,1,0.9395244065450707
wdbc,logistic_regression,2,1,1,0.9995682427638654
wdbc,logistic_regression,2,1,1,0.9996700703735845
wdbc,logistic_regression,2,1,1,0.998827284704269
wdbc,logistic_regression,2,1,1,0.9996602237217912
wdbc,logistic_regression,2,0,0,0.0024680880028044956
wdbc,logistic_regression,2,1,1,0.999617567579987
wdbc,logistic_regression,2,1,1,0.9999581912414525
wdbc,logistic_regression,2,1,1,0.9999050702052438
wdbc,logistic_regression,2,1,1,0.8653710712789359
wdbc,logistic_regression,2,0,0,0.00038913559329251633
wdbc,logistic_regression,2,0,0,6.686969943324212e-09
wdbc,logistic_regression,2,1,1,0.9999959222837138
wdbc,logistic_regression,2,0,0,1.5226282203059554e-13
wdbc,logistic_regression,2,0,0,1.4237784148459687e-09
wdbc,logistic_regression,2,1,1,0.9997102537474392
wdbc,logistic_regression,2,0,1,0.6059070573594166
wdbc,logistic_regression,2,0,0,0.2216751178878821
wdbc,logistic_regression,2,1,1,0.8868395780112043
wdbc,logistic_regression,2,0,1,0.519606462907098
wdbc,logistic_regression,2,1,1,0.9999792391621768
wdbc,logistic_regression,2,1,1,0.6170686978288994
wdbc,logistic_regression,2,1,1,0.9081939577252008
wdbc,logistic_regression,2,0,0,0.023371516242553188
wdbc,logistic_regression,2,1,1,0.9851089973340533
wdbc,logistic_regression,2,1,1,0.9870198536780836
wdbc,logistic_regression,2,0,0,5.934015026141696e-13
wdbc,logistic_regression,2,1,1,0.9869047675698532
wdbc,logistic_regression,2,0,0,1.2169064992535624e-06
wdbc,logistic_regression,2,1,1,0.9998817803705328
wdbc,logistic_regression,2,0,0,0.002886091252719821
wdbc,logistic_regression,2,1,1,0.9997653457099093
wdbc,logistic_regression,2,0,1,0.9980805069654284
wdbc,logistic_regression,2,1,1,0.9999331815317346
wdbc,logistic_regression,2,1,1,0.9999580088348711
wdbc,logistic_regression,2,1,1,0.99996927582065
wdbc,logistic_regression,2,1,1,0.9998650155203446
wdbc,logistic_regression,2,1,1,0.9995164387813903
wdbc,logistic_regression,2,1,1,0.9999921891580236
wdbc,logistic_regression,2,0,0,9.954674115045922e-07
wdbc,logistic_regression,2,0,0,2.5296559673319263e-12
wdbc,logistic_regression,2,1,1,0.8026225239063162
wdbc,logistic_regression,2,1,1,0.9998878574343236
wdbc,logistic_regression,2,1,1,0.9973789806803166
wdbc,logistic_regression,2,1,1,0.8909148832164233
wdbc,logistic_regression,2,0,0,0.0002867284033483866
wdbc,logistic_regression,2,1,1,0.9994396978604347
wdbc,logistic_regression,2,1,1,0.9984846743414739
wdbc,logistic_regression,2,1,1,0.9998123504569055
wdbc,logistic_regression,2,1,1,0.998921362022697
wdbc,logistic_regression,2,1,1,0.9989184098368494
wdbc,logistic_regression,2,1,1,0.9658541020981982
wdbc,logistic_regression,2,0,0,0.028924971268301868
wdbc,logistic_regression,2,1,1,0.9997453805702673
wdbc,logistic_regression,2,1,1,0.9884013432455825
wdbc,logistic_regression,2,1,1,0.9997503440595148
wdbc,logistic_regression,2,1,1,0.9819664853328414
wdbc,logistic_regression,2,0,0,0.019124754989875245
wdbc,logistic_regression,2,1,1,0.9003001801007235
wdbc,logistic_regression,2,1,1,0.9841005268645758
wdbc,logistic_regression,2,1,1,0.8137251687637567
wdbc,logistic_regression,2,1,1,0.9993928016885125
wdbc,logistic_regression,2,1,1,0.9991715511401128
wdbc,logistic_regression,2,1,1,0.9997578472865263
wdbc,logistic_regression,2,1,1,0.9729887522678209
wdbc,logistic_regression,2,1,1,0.993564071148332
wdbc,logistic_regression,2,1,1,0.9924616249188586
wdbc,logistic_regression,2,1,1,0.9306451488840546
wdbc,logistic_regression,2,1,1,0.9871622873143355
wdbc,logistic_regression,2,1,1,0.9999867285431686
wdbc,logistic_regression,2,0,0,0.001408252928840272
wdbc,logistic_regression,2,1,1,0.9968314777011014
wdbc,logistic_regression,2,0,0,0.0039324844023985025
wdbc,logistic_regression,2,0,0,0.45235938306090917
wdbc,logistic_regression,2,0,0,4.240708514826058e-05
wdbc,logistic_regression,2,0,0,6.415722431089863e-11
wdbc,logistic_regression,2,1,1,0.9993512587366035
wdbc,logistic_regression,2,1,1,0.999952784203033
wdbc,logistic_regression,2,1,1,0.9999810551471242
wdbc,logistic_regression,2,1,1,0.5965945131543801
wdbc,logistic_regression,2,1,1,0.9740369980329757
wdbc,logistic_regression,2,1,1,0.9999684973191474
wdbc,logistic_regression,2,1,1,0.9937192001487366
wdbc,logistic_regression,2,1,1,0.9915492217939257
wdbc,logistic_regression,2,1,1,0.9931779749847071
wdbc,logistic_regression,2,0,0,5.28653759015774e-10
wdbc,logistic_regression,2,0,0,6.376172151113432e-07
wdbc,logistic_regression,2,0,0,4.9263469422466464e-11
wdbc,logistic_regression,2,1,1,0.9999649185615015
wdbc,random_forest,2,0,0,0.175
wdbc,random_forest,2,0,0,0.05
wdbc,random_forest,2,0,0,0.0
wdbc,random_forest,2,0,0,0.0
wdbc,random_forest,2,0,0,0.005
wdbc,random_forest,2,1,1,1.0
wdbc,random_forest,2,0,1,0.69
wdbc,random_forest,2,0,0,0.1
wdbc,random_forest,2,0,0,0.475
wdbc,random_forest,2,1,1,0.905
wdbc,random_forest,2,1,1,0.985
wdbc,random_forest,2,1,1,0.995
wdbc,random_forest,2,0,0,0.02
wdbc,random_forest,2,0,0,0.295
wdbc,random_forest,2,1,1,0.995
wdbc,random_forest,2,1,1,0.965
wdbc,random_forest,2,0,0,0.03
wdbc,random_forest,2,0,0,0.01
wdbc,random_forest,2,1,1,1.0
wdbc,random_forest,2,0,1,0.74
wdbc,random_forest,2,1,0,0.465
wdbc,random_forest,2,0,0,0.01
wdbc,random_forest,2,1,1,0.76
wdbc,random_forest,2,0,0,0.005
wdbc,random_forest,2,0,0,0.155
wdbc,random_forest,2,1,1,0.965
wdbc,random_forest,2,1,1,1.0
wdbc,random_forest,2,1,1,0.99
wdbc,random_forest,2,1,1,0.995
wdbc,random_forest,2,1,1,1.0
wdbc,random_forest,2,0,0,0.03
wdbc,random_forest,2,1,1,0.995
wdbc,random_forest,2,1,1,0.995
wdbc,random_forest,2,1,1,1.0
wdbc,random_forest,2,1,1,0.955
wdbc,random_forest,2,0,0,0.0
wdbc,random_forest,2,0,0,0.0
wdbc,random_forest,2,1,1,0.995
wdbc,random_forest,2,0,0,0.0
wdbc,random_forest,2,0,0,0.0
wdbc,random_forest,2,1,1,0.99
wdbc,random_forest,2,0,0,0.165
wdbc,random_forest,2,0,0,0.18
wdbc,random_forest,2,1,1,0.95
wdbc,random_forest,2,0,0,0.305
wdbc,random_forest,2,1,1,1.0
wdbc,random_forest,2,1,1,0.755
wdbc,random_forest,2,1,1,0.885
wdbc,random_forest,2,0,0,0.125
wdbc,random_forest,2,1,1,0.995
wdbc,random_forest,2,1,1,0.97
wdbc,random_forest,2,0,0,0.0
wdbc,random_forest,2,1,1,0.91
wdbc,random_forest,2,0,0,0.02
wdbc,random_forest,2,1,1,1.0
wdbc,random_forest,2,0,0,0.16
wdbc,random_forest,2,1,1,0.99
wdbc,random_forest,2,0,1,0.99
wdbc,random_forest,2,1,1,1.0
wdbc,random_forest,2,1,1,1.0
wdbc,random_forest,2,1,1,0.985
wdbc,random_forest,2,1,1,0.99
wdbc,random_forest,2,1,1,1.0
wdbc,random_forest,2,1,1,1.0
wdbc,random_forest,2,0,0,0.005
wdbc,random_forest,2,0,0,0.0
wdbc,random_forest,2,1,1,0.655
wdbc,random_forest,2,1,1,0.97
wdbc,random_forest,2,1,1,0.995
wdbc,random_forest,2,1,1,0.85
wdbc,random_forest,2,0,0,0.035
wdbc,random_forest,2,1,1,0.995
wdbc,random_forest,2,1,1,0.91
wdbc,random_forest,2,1,1,0.995
wdbc,random_forest,2,1,1,1.0
wdbc,random_forest,2,1,1,1.0
wdbc,random_forest,2,1,1,0.93
wdbc,random_forest,2,0,1,0.52
wdbc,random_forest,2,1,1,1.0
wdbc,random_forest,2,1,1,0.99
wdbc,random_forest,2,1,1,1.0
wdbc,random_forest,2,1,1,0.965
wdbc,random_forest,2,0,0,0.035
wdbc,random_forest,2,1,1,0.765
wdbc,random_forest,2,1,1,0.915
wdbc,random_forest,2,1,1,0.9
wdbc,random_forest,2,1,1,1.0
wdbc,random_forest,2,1,1,0.98
wdbc,random_forest,2,1,1,0.995
wdbc,random_forest,2,1,1,0.865
wdbc,random_forest,2,1,1,0.985
wdbc,random_forest,2,1,1,0.985
wdbc,random_forest,2,1,1,0.86
wdbc,random_forest,2,1,1,0.77
wdbc,random_forest,2,1,1,0.92
wdbc,random_forest,2,0,0,0.015
wdbc,random_forest,2,1,1,0.93
wdbc,random_forest,2,0,0,0.045
wdbc,random_forest,2,0,0,0.415
wdbc,random_forest,2,0,0,0.0
wdbc,random_forest,2,0,0,0.0
wdbc,random_forest,2,1,1,1.0
wdbc,random_forest,2,1,1,1.0
wdbc,random_forest,2,1,1,1.0
wdbc,random_forest,2,1,1,0.79
wdbc,random_forest,2,1,1,0.96
wdbc,random_forest,2,1,1,0.995
wdbc,random_forest,2,1,1,0.995
wdbc,random_forest,2,1,1,0.825
wdbc,random_forest,2,1,1,0.925
wdbc,random_forest,2,0,0,0.0
wdbc,random_forest,2,0,0,0.005
wdbc,random_forest,2,0,0,0.0
wdbc,random_forest,2,1,1,0.99
wdbc,gradient_boosting,2,0,0,0.0015264629727798388
wdbc,gradient_boosting,2,0,0,0.001601259471345133
wdbc,gradient_boosting,2,0,0,3.0115071556447337e-05
wdbc,gradient_boosting,2,0,0,3.689954526569646e-05
wdbc,gradient_boosting,2,0,0,2.6109224520232596e-05
wdbc,gradient_boosting,2,1,1,0.9999413986759118
wdbc,gradient_boosting,2,0,1,0.96118984738551
wdbc,gradient_boosting,2,0,0,0.001807885949120533
wdbc,gradient_boosting,2,0,0,0.01072177844684509
wdbc,gradient_boosting,2,1,1,0.7495783647802261
wdbc,gradient_boosting,2,1,1,0.9998198309750066
wdbc,gradient_boosting,2,1,1,0.9997694574685854
wdbc,gradient_boosting,2,0,0,0.0005425661467866453
wdbc,gradient_boosting,2,0,0,0.001093549049118018
wdbc,gradient_boosting,2,1,1,0.9998282659621381
wdbc,gradient_boosting,2,1,1,0.9999339491360304
wdbc,gradient_boosting,2,0,0,0.00011032299971447436
wdbc,gradient_boosting,2,0,0,3.798503087587479e-05
wdbc,gradient_boosting,2,1,1,0.9999582552767232
wdbc,gradient_boosting,2,0,1,0.9961932258527308
wdbc,gradient_boosting,2,1,0,0.017776711696872304
wdbc,gradient_boosting,2,0,0,0.0001487364555409469
wdbc,gradient_boosting,2,1,1,0.9969686226712103
wdbc,gradient_boosting,2,0,0,5.576957461806453e-05
wdbc,gradient_boosting,2,0,0,0.002625774993979646
wdbc,gradient_boosting,2,1,1,0.9997254710689418
wdbc,gradient_boosting,2,1,1,0.9999025940074242
wdbc,gradient_boosting,2,1,1,0.9999326492255547
wdbc,gradient_boosting,2,1,1,0.9996828213280231
wdbc,gradient_boosting,2,1,1,0.9999647150901206
wdbc,gradient_boosting,2,0,0,4.790156125675031e-05
wdbc,gradient_boosting,2,1,1,0.9999092408702724
wdbc,gradient_boosting,2,1,1,0.9999698112592375
wdbc,gradient_boosting,2,1,1,0.9999738677879357
wdbc,gradient_boosting,2,1,1,0.997592140271707
wdbc,gradient_boosting,2,0,0,0.00015047407758940224
wdbc,gradient_boosting,2,0,0,4.928254481555441e-05
wdbc,gradient_boosting,2,1,1,0.9999190345340448
wdbc,gradient_boosting,2,0,0,3.635121778082613e-05
wdbc,gradient_boosting,2,0,0,5.0358153713181955e-05
wdbc,gradient_boosting,2,1,1,0.9999661602261922
wdbc,gradient_boosting,2,0,0,0.0015356934838339764
wdbc,gradient_boosting,2,0,0,0.0005865470023096801
wdbc,gradient_boosting,2,1,1,0.9843051716916389
wdbc,gradient_boosting,2,0,0,0.001863461906965389
wdbc,gradient_boosting,2,1,1,0.9999835532471112
wdbc,gradient_boosting,2,1,1,0.9970491247228042
wdbc,gradient_boosting,2,1,1,0.9985367896008791
wdbc,gradient_boosting,2,0,0,0.0005866325913118357
wdbc,gradient_boosting,2,1,1,0.9996011275285794
wdbc,gradient_boosting,2,1,1,0.9988627295264402
wdbc,gradient_boosting,2,0,0,2.763953047381586e-05
wdbc,gradient_boosting,2,1,1,0.9569808948711863
wdbc,gradient_boosting,2,0,0,5.851600179434197e-05
wdbc,gradient_boosting,2,1,1,0.9999631546860398
wdbc,gradient_boosting,2,0,0,0.00055111439154054
wdbc,gradient_boosting,2,1,1,0.9997650629158354
wdbc,gradient_boosting,2,0,1,0.9998296253854314
wdbc,gradient_boosting,2,1,1,0.9998022519289548
wdbc,gradient_boosting,2,1,1,0.999908856217367
wdbc,gradient_boosting,2,1,1,0.9994404083791488
wdbc,gradient_boosting,2,1,1,0.9993979559254171
wdbc,gradient_boosting,2,1,1,0.9999816400513812
wdbc,gradient_boosting,2,1,1,0.9999787378607263
wdbc,gradient_boosting,2,0,0,3.919769042170824e-05
wdbc,gradient_boosting,2,0,0,3.4552828573136775e-05
wdbc,gradient_boosting,2,1,1,0.9936576563893241
wdbc,gradient_boosting,2,1,1,0.9999653230200202
wdbc,gradient_boosting,2,1,1,0.9999530456363875
wdbc,gradient_boosting,2,1,1,0.9963303959026912
wdbc,gradient_boosting,2,0,0,5.582414350120759e-05
wdbc,gradient_boosting,2,1,1,0.999926103349447
wdbc,gradient_boosting,2,1,1,0.9998538859905959
wdbc,gradient_boosting,2,1,1,0.9999804055754028
wdbc,gradient_boosting,2,1,1,0.9999679352058359
wdbc,gradient_boosting,2,1,1,0.9999474943742359
wdbc,gradient_boosting,2,1,1,0.999516730575537
wdbc,gradient_boosting,2,0,1,0.532859106388583
wdbc,gradient_boosting,2,1,1,0.9999602238719243
wdbc,gradient_boosting,2,1,1,0.9999150457860801
wdbc,gradient_boosting,2,1,1,0.9999481781350137
wdbc,gradient_boosting,2,1,1,0.9998746960132617
wdbc,gradient_boosting,2,0,0,0.0011867647822529563
wdbc,gradient_boosting,2,1,1,0.991018829763472
wdbc,gradient_boosting,2,1,1,0.9997621378684739
wdbc,gradient_boosting,2,1,1,0.9983412215031753
wdbc,gradient_boosting,2,1,1,0.9999705243023571
wdbc,gradient_boosting,2,1,1,0.9982779305877324
wdbc,gradient_boosting,2,1,1,0.9999646316848267
wdbc,gradient_boosting,2,1,1,0.9972254873939265
wdbc,gradient_boosting,2,1,1,0.9995713676391359
wdbc,gradient_boosting,2,1,1,0.9996252262170164
wdbc,gradient_boosting,2,1,1,0.9895754477218908
wdbc,gradient_boosting,2,1,1,0.9989251138470825
wdbc,gradient_boosting,2,1,1,0.9994177593231801
wdbc,gradient_boosting,2,0,0,0.00018763622741147938
wdbc,gradient_boosting,2,1,1,0.999548587123755
wdbc,gradient_boosting,2,0,0,0.0001665230819635526
wdbc,gradient_boosting,2,0,1,0.5646132922181325
wdbc,gradient_boosting,2,0,0,3.307721029721004e-05
wdbc,gradient_boosting,2,0,0,3.768013571026758e-05
wdbc,gradient_boosting,2,1,1,0.9999793114965109
wdbc,gradient_boosting,2,1,1,0.9993829973453799
wdbc,gradient_boosting,2,1,1,0.9999543803158963
wdbc,gradient_boosting,2,1,0,0.4660890299641215
wdbc,gradient_boosting,2,1,1,0.9958929284678729
wdbc,gradient_boosting,2,1,1,0.9999674111972288
wdbc,gradient_boosting,2,1,1,0.9996603503582638
wdbc,gradient_boosting,2,1,1,0.9882010271232292
wdbc,gradient_boosting,2,1,1,0.9990566151087039
wdbc,gradient_boosting,2,0,0,7.564026604856075e-05
wdbc,gradient_boosting,2,0,0,3.585392567805656e-05
wdbc,gradient_boosting,2,0,0,6.956286319134419e-05
wdbc,gradient_boosting,2,1,1,0.9992691996453392
wdbc,logistic_regression,3,0,0,2.0661342915886457e-07
wdbc,logistic_regression,3,0,0,0.06572212135870895
wdbc,logistic_regression,3,0,0,6.0891115397265084e-05
wdbc,logistic_regression,3,0,0,0.0037103028195760125
wdbc,logistic_regression,3,1,1,0.9968341081747949
wdbc,logistic_regression,3,0,0,1.4743802225394797e-07
wdbc,logistic_regression,3,0,0,6.255834638119194e-05
wdbc,logistic_regression,3,0,0,4.453044048784168e-06
wdbc,logistic_regression,3,0,0,8.087947591704956e-07
wdbc,logistic_regression,3,0,0,0.13788641871227944
wdbc,logistic_regression,3,0,0,1.4995386230559425e-06
wdbc,logistic_regression,3,1,1,0.9999925427056019
wdbc,logistic_regression,3,1,1,0.999463827581428
wdbc,logistic_regression,3,1,1,0.9987906204019502
wdbc,logistic_regression,3,1,1,0.999999943954291
wdbc,logistic_regression,3,1,1,0.6013023141904098
wdbc,logistic_regression,3,0,0,2.1040253930906793e-06
wdbc,logistic_regression,3,1,1,0.9999651883273278
wdbc,logistic_regression,3,1,1,0.9932418719215016
wdbc,logistic_regression,3,1,1,0.9976743053118245
wdbc,logistic_regression,3,1,1,0.9968766257073899
wdbc,logistic_regression,3,1,1,0.9998394564085756
wdbc,logistic_regression,3,1,1,0.9999976129233732
wdbc,logistic_regression,3,1,1,0.9651030071255323
wdbc,logistic_regression,3,0,0,0.05099559226295621
wdbc,logistic_regression,3,1,1,0.7936508506498653
wdbc,logistic_regression,3,0,0,1.6399602302508851e-06
wdbc,logistic_regression,3,1,1,0.7865928024213295
wdbc,logistic_regression,3,1,1,0.9805826810885213
wdbc,logistic_regression,3,1,1,0.9918841099652497
wdbc,logistic_regression,3,1,1,0.5829121533610294
wdbc,logistic_regression,3,0,0,6.0088323890447056e-09
wdbc,logistic_regression,3,1,1,0.993574870672279
wdbc,logistic_regression,3,0,0,0.0069670527150331165
wdbc,logistic_regression,3,1,1,0.9999952977238477
wdbc,logistic_regression,3,1,1,0.9999841195226635
wdbc,logistic_regression,3,0,0,0.004464074774888628
wdbc,logistic_regression,3,1,1,0.9999422120251373
wdbc,logistic_regression,3,0,0,0.3238796504607943
wdbc,logistic_regression,3,1,1,0.9992598161903464
wdbc,logistic_regression,3,1,1,0.9998211929154286
wdbc,logistic_regression,3,0,0,0.001127313253706998
wdbc,logistic_regression,3,0,0,3.92681022942924e-10
wdbc,logistic_regression,3,1,1,0.7365637801644991
wdbc,logistic_regression,3,1,1,0.9989269414765065
wdbc,logistic_regression,3,0,0,1.9241383938486977e-18
wdbc,logistic_regression,3,0,0,1.0070314067739986e-07
wdbc,logistic_regression,3,0,0,0.0015925286600169787
wdbc,logistic_regression,3,1,1,0.9999206241632163
wdbc,logistic_regression,3,0,0,5.931232338360575e-05
wdbc,logistic_regression,3,1,1,0.9930754588463682
wdbc,logistic_regression,3,1,1,0.9849342385943499
wdbc,logistic_regression,3,0,0,1.0165127708640001e-07
wdbc,logistic_regression,3,0,0,1.2001507579138475e-06
wdbc,logistic_regression,3,0,0,0.00036227434335757246
wdbc,logistic_regression,3,0,0,0.08072095566454503
wdbc,logistic_regression,3,0,0,0.0009026813554223858
wdbc,logistic_regression,3,1,1,0.9925491290236048
wdbc,logistic_regression,3,0,0,0.02816134482343763
wdbc,logistic_regression,3,0,0,3.709704666219197e-06
wdbc,logistic_regression,3,1,1,0.9993686815403678
wdbc,logistic_regression,3,1,1,0.9995221549463353
wdbc,logistic_regression,3,0,0,2.88176049601309e-08
wdbc,logistic_regression,3,1,1,0.9998233770281706
wdbc,logistic_regression,3,1,1,0.9999982803555454
wdbc,logistic_regression,3,1,1,0.9993202066619251
wdbc,logistic_regression,3,1,1,0.9988096489173182
wdbc,logistic_regression,3,0,0,0.00017176189153732922
wdbc,logistic_regression,3,1,1,0.999341600627399
wdbc,logistic_regression,3,1,1,0.998595925272781
wdbc,logistic_regression,3,1,1,0.9991748628989393
wdbc,logistic_regression,3,1,1,0.9997377595830597
wdbc,logistic_regression,3,1,1,0.9997389111389189
wdbc,logistic_regression,3,1,1,0.9999805418813359
wdbc,logistic_regression,3,0,0,2.2126480161312394e-05
wdbc,logistic_regression,3,0,0,1.4492327699671871e-06
wdbc,logistic_regression,3,1,1,0.9995559811652462
wdbc,logistic_regression,3,1,1,0.9999766884110739
wdbc,logistic_regression,3,0,0,6.455598350592574e-05
wdbc,logistic_regression,3,1,1,0.9976003935891767
wdbc,logistic_regression,3,1,1,0.7722058299426576
wdbc,logistic_regression,3,1,1,0.999216576921305
wdbc,logistic_regression,3,1,1,0.9999890616923552
wdbc,logistic_regression,3,1,1,0.9983774813014684
wdbc,logistic_regression,3,1,1,0.9995443033237538
wdbc,logistic_regression,3,1,1,0.7797535326092522
wdbc,logistic_regression,3,1,1,0.9951097673288184
wdbc,logistic_regression,3,1,1,0.9996459390235023
wdbc,logistic_regression,3,0,0,6.347049868111975e-06
wdbc,logistic_regression,3,1,1,0.9875541644457574
wdbc,logistic_regression,3,1,1,0.9644371368549512
wdbc,logistic_regression,3,1,1,0.9356500696095841
wdbc,logistic_regression,3,0,0,3.906441272165032e-05
wdbc,logistic_regression,3,1,1,0.9834890158284983
wdbc,logistic_regression,3,1,1,0.9691467721531036
wdbc,logistic_regression,3,1,1,0.9906990678321783
wdbc,logistic_regression,3,1,1,0.999728638803756
wdbc,logistic_regression,3,0,0,6.800531001296572e-05
wdbc,logistic_regression,3,1,1,0.9944894800398381
wdbc,logistic_regression,3,1,1,0.9683087187589714
wdbc,logistic_regression,3,0,0,4.979647582247977e-07
wdbc,logistic_regression,3,0,0,4.7095272997992735e-07
wdbc,logistic_regression,3,0,0,0.008369808862155194
wdbc,logistic_regression,3,0,0,2.960970256758614e-11
wdbc,logistic_regression,3,1,1,0.9053496751217166
wdbc,logistic_regression,3,1,1,0.9227451959221931
wdbc,logistic_regression,3,1,1,0.6445995148979556
wdbc,logistic_regression,3,1,1,0.9603326539486167
wdbc,logistic_regression,3,1,0,0.3953322534589007
wdbc,logistic_regression,3,1,1,0.9366913420125803
wdbc,logistic_regression,3,1,1,0.9999715277014252
wdbc,logistic_regression,3,1,1,0.95128700131033
wdbc,logistic_regression,3,1,1,0.9999847943388825
wdbc,logistic_regression,3,1,1,0.9998810126215508
wdbc,random_forest,3,0,0,0.0
wdbc,random_forest,3,0,0,0.345
wdbc,random_forest,3,0,0,0.08
wdbc,random_forest,3,0,0,0.075
wdbc,random_forest,3,1,1,0.99
wdbc,random_forest,3,0,0,0.005
wdbc,random_forest,3,0,0,0.005
wdbc,random_forest,3,0,0,0.0
wdbc,random_forest,3,0,0,0.0
wdbc,random_forest,3,0,0,0.26
wdbc,random_forest,3,0,0,0.005
wdbc,random_forest,3,1,1,1.0
wdbc,random_forest,3,1,1,1.0
wdbc,random_forest,3,1,1,1.0
wdbc,random_forest,3,1,1,0.995
wdbc,random_forest,3,1,0,0.33
wdbc,random_forest,3,0,0,0.0
wdbc,random_forest,3,1,1,0.98
wdbc,random_forest,3,1,1,0.985
wdbc,random_forest,3,1,1,1.0
wdbc,random_forest,3,1,1,1.0
wdbc,random_forest,3,1,1,1.0
wdbc,random_forest,3,1,1,0.98
wdbc,random_forest,3,1,1,0.715
wdbc,random_forest,3,0,0,0.485
wdbc,random_forest,3,1,0,0.325
wdbc,random_forest,3,0,0,0.005
wdbc,random_forest,3,1,0,0.435
wdbc,random_forest,3,1,1,0.99
wdbc,random_forest,3,1,1,0.62
wdbc,random_forest,3,1,0,0.34
wdbc,random_forest,3,0,0,0.0
wdbc,random_forest,3,1,1,0.925
wdbc,random_forest,3,0,0,0.03
wdbc,random_forest,3,1,1,0.985
wdbc,random_forest,3,1,1,0.965
wdbc,random_forest,3,0,0,0.0
wdbc,random_forest,3,1,1,0.985
wdbc,random_forest,3,0,0,0.425
wdbc,random_forest,3,1,1,1.0
wdbc,random_forest,3,1,1,1.0
wdbc,random_forest,3,0,0,0.09
wdbc,random_forest,3,0,0,0.005
wdbc,random_forest,3,1,1,0.77
wdbc,random_forest,3,1,1,1.0
wdbc,random_forest,3,0,0,0.06
wdbc,random_forest,3,0,0,0.0
wdbc,random_forest,3,0,0,0.02
wdbc,random_forest,3,1,1,1.0
wdbc,random_forest,3,0,0,0.03
wdbc,random_forest,3,1,1,0.995
wdbc,random_forest,3,1,1,0.735
wdbc,random_forest,3,0,0,0.005
wdbc,random_forest,3,0,0,0.0
wdbc,random_forest,3,0,0,0.0
wdbc,random_forest,3,0,0,0.345
wdbc,random_forest,3,0,0,0.015
wdbc,random_forest,3,1,1,0.98
wdbc,random_forest,3,0,0,0.19
wdbc,random_forest,3,0,0,0.0
wdbc,random_forest,3,1,1,1.0
wdbc,random_forest,3,1,0,0.49
wdbc,random_forest,3,0,0,0.0
wdbc,random_forest,3,1,1,1.0
wdbc,random_forest,3,1,1,1.0
wdbc,random_forest,3,1,1,0.985
wdbc,random_forest,3,1,1,0.86
wdbc,random_forest,3,0,0,0.11
wdbc,random_forest,3,1,1,1.0
wdbc,random_forest,3,1,1,1.0
wdbc,random_forest,3,1,1,1.0
wdbc,random_forest,3,1,1,1.0
wdbc,random_forest,3,1,1,1.0
wdbc,random_forest,3,1,1,0.99
wdbc,random_forest,3,0,0,0.0
wdbc,random_forest,3,0,0,0.0
wdbc,random_forest,3,1,1,0.77
wdbc,random_forest,3,1,1,0.995
wdbc,random_forest,3,0,0,0.0
wdbc,random_forest,3,1,1,0.985
wdbc,random_forest,3,1,1,0.74
wdbc,random_forest,3,1,1,0.985
wdbc,random_forest,3,1,1,1.0
wdbc,random_forest,3,1,1,0.995
wdbc,random_forest,3,1,1,1.0
wdbc,random_forest,3,1,0,0.23
wdbc,random_forest,3,1,1,0.755
wdbc,random_forest,3,1,1,0.99
wdbc,random_forest,3,0,0,0.0
wdbc,random_forest,3,1,1,0.965
wdbc,random_forest,3,1,1,0.975
wdbc,random_forest,3,1,1,0.925
wdbc,random_forest,3,0,0,0.005
wdbc,random_forest,3,1,1,0.965
wdbc,random_forest,3,1,1,0.93
wdbc,random_forest,3,1,1,0.985
wdbc,random_forest,3,1,1,1.0
wdbc,random_forest,3,0,0,0.01
wdbc,random_forest,3,1,1,0.985
wdbc,random_forest,3,1,1,0.905
wdbc,random_forest,3,0,0,0.0
wdbc,random_forest,3,0,0,0.0
wdbc,random_forest,3,0,0,0.06
wdbc,random_forest,3,0,0,0.01
wdbc,random_forest,3,1,1,0.74
wdbc,random_forest,3,1,1,0.9
wdbc,random_forest,3,1,1,0.775
wdbc,random_forest,3,1,1,1.0
wdbc,random_forest,3,1,1,0.545
wdbc,random_forest,3,1,1,0.96
wdbc,random_forest,3,1,1,1.0
wdbc,random_forest,3,1,1,0.915
wdbc,random_forest,3,1,1,1.0
wdbc,random_forest,3,1,1,0.955
wdbc,gradient_boosting,3,0,0,3.206998937913631e-05
wdbc,gradient_boosting,3,0,1,0.7467041024761647
wdbc,gradient_boosting,3,0,0,0.0002807987054273936
wdbc,gradient_boosting,3,0,0,0.00013165854725705854
wdbc,gradient_boosting,3,1,1,0.9999698615914178
wdbc,gradient_boosting,3,0,0,0.00012666918020271076
wdbc,gradient_boosting,3,0,0,0.00021310423329708443
wdbc,gradient_boosting,3,0,0,3.172890769830367e-05
wdbc,gradient_boosting,3,0,0,4.256710105908807e-05
wdbc,gradient_boosting,3,0,0,0.0014202856451154707
wdbc,gradient_boosting,3,0,0,7.34939504937345e-05
wdbc,gradient_boosting,3,1,1,0.9999763928987642
wdbc,gradient_boosting,3,1,1,0.9999730718600707
wdbc,gradient_boosting,3,1,1,0.9998408356468861
wdbc,gradient_boosting,3,1,1,0.999922883690345
wdbc,gradient_boosting,3,1,1,0.9417061640185007
wdbc,gradient_boosting,3,0,0,0.00013746137385776565
wdbc,gradient_boosting,3,1,1,0.9999210368853267
wdbc,gradient_boosting,3,1,1,0.9998682226154106
wdbc,gradient_boosting,3,1,1,0.9997546629978431
wdbc,gradient_boosting,3,1,1,0.9998365216545516
wdbc,gradient_boosting,3,1,1,0.9999681953230809
wdbc,gradient_boosting,3,1,1,0.999941329663502
wdbc,gradient_boosting,3,1,1,0.995792147430676
wdbc,gradient_boosting,3,0,0,0.04070337203903748
wdbc,gradient_boosting,3,1,1,0.7615214003325448
wdbc,gradient_boosting,3,0,0,0.00012789683484720494
wdbc,gradient_boosting,3,1,1,0.9816493502808022
wdbc,gradient_boosting,3,1,1,0.9998288553372561
wdbc,gradient_boosting,3,1,1,0.9871460350577224
wdbc,gradient_boosting,3,1,0,0.10396049898378502
wdbc,gradient_boosting,3,0,0,9.255880002584142e-05
wdbc,gradient_boosting,3,1,1,0.9995869118644827
wdbc,gradient_boosting,3,0,0,0.00011780923065514734
wdbc,gradient_boosting,3,1,1,0.9998028082012134
wdbc,gradient_boosting,3,1,1,0.9998932062379796
wdbc,gradient_boosting,3,0,0,4.207956548407018e-05
wdbc,gradient_boosting,3,1,1,0.9999341936211253
wdbc,gradient_boosting,3,0,0,0.055114694190523346
wdbc,gradient_boosting,3,1,1,0.9999168952212821
wdbc,gradient_boosting,3,1,1,0.9999746585410356
wdbc,gradient_boosting,3,0,0,0.00020036909627356537
wdbc,gradient_boosting,3,0,0,4.332752478342111e-05
wdbc,gradient_boosting,3,1,1,0.8205744345854055
wdbc,gradient_boosting,3,1,1,0.9999712337182838
wdbc,gradient_boosting,3,0,0,0.00201987899006327
wdbc,gradient_boosting,3,0,0,2.8809264306215916e-05
wdbc,gradient_boosting,3,0,0,8.546228836118995e-05
wdbc,gradient_boosting,3,1,1,0.9999576676022988
wdbc,gradient_boosting,3,0,0,0.00035341344721666335
wdbc,gradient_boosting,3,1,1,0.9998587290063821
wdbc,gradient_boosting,3,1,1,0.9994981575441658
wdbc,gradient_boosting,3,0,0,2.424187539923896e-05
wdbc,gradient_boosting,3,0,0,3.970915855099232e-05
wdbc,gradient_boosting,3,0,0,0.00057497487228481
wdbc,gradient_boosting,3,0,0,0.17356497055510625
wdbc,gradient_boosting,3,0,0,8.544666282387987e-05
wdbc,gradient_boosting,3,1,1,0.9999248729779726
wdbc,gradient_boosting,3,0,0,0.00018320498238059993
wdbc,gradient_boosting,3,0,0,4.028851890732642e-05
wdbc,gradient_boosting,3,1,1,0.9995826648723816
wdbc,gradient_boosting,3,1,1,0.9120198807865431
wdbc,gradient_boosting,3,0,0,3.666126934961878e-05
wdbc,gradient_boosting,3,1,1,0.9999824699806218
wdbc,gradient_boosting,3,1,1,0.9999583232654233
wdbc,gradient_boosting,3,1,1,0.9999643011765736
wdbc,gradient_boosting,3,1,1,0.9990062311762898
wdbc,gradient_boosting,3,0,0,0.00039365402835410374
wdbc,gradient_boosting,3,1,1,0.9999378285732005
wdbc,gradient_boosting,3,1,1,0.9999499347972161
wdbc,gradient_boosting,3,1,1,0.9998726250942468
wdbc,gradient_boosting,3,1,1,0.9999085488895276
wdbc,gradient_boosting,3,1,1,0.9999585681630373
wdbc,gradient_boosting,3,1,1,0.999919086525922
wdbc,gradient_boosting,3,0,0,3.5900398363337894e-05
wdbc,gradient_boosting,3,0,0,0.00010702025404118903
wdbc,gradient_boosting,3,1,1,0.9963931824299009
wdbc,gradient_boosting,3,1,1,0.999938731130531
wdbc,gradient_boosting,3,0,0,4.927435957721263e-05
wdbc,gradient_boosting,3,1,1,0.9998595873605133
wdbc,gradient_boosting,3,1,0,0.2320030760659363
wdbc,gradient_boosting,3,1,1,0.999972446279408
wdbc,gradient_boosting,3,1,1,0.9999386185767918
wdbc,gradient_boosting,3,1,1,0.9999458313878044
wdbc,gradient_boosting,3,1,1,0.9999653551324913
wdbc,gradient_boosting,3,1,1,0.9424893173208174
wdbc,gradient_boosting,3,1,1,0.9985858058906393
wdbc,gradient_boosting,3,1,1,0.9999363878863895
wdbc,gradient_boosting,3,0,0,4.7224414155203764e-05
wdbc,gradient_boosting,3,1,1,0.9998574373440849
wdbc,gradient_boosting,3,1,1,0.9999435583944608
wdbc,gradient_boosting,3,1,1,0.9930101970098435
wdbc,gradient_boosting,3,0,0,5.9656979326983047e-05
wdbc,gradient_boosting,3,1,1,0.9988027633724099
wdbc,gradient_boosting,3,1,1,0.9976831379846116
wdbc,gradient_boosting,3,1,1,0.999605565871996
wdbc,gradient_boosting,3,1,1,0.9999708532119593
wdbc,gradient_boosting,3,0,0,6.79819587123653e-05
wdbc,gradient_boosting,3,1,1,0.9999582125800847
wdbc,gradient_boosting,3,1,1,0.9907526461043573
wdbc,gradient_boosting,3,0,0,3.777099105811155e-05
wdbc,gradient_boosting,3,0,0,3.13240421752826e-05
wdbc,gradient_boosting,3,0,0,0.0003907947378435023
wdbc,gradient_boosting,3,0,0,0.00015374931961491638
wdbc,gradient_boosting,3,1,1,0.9955994954664031
wdbc,gradient_boosting,3,1,1,0.9936366084910224
wdbc,gradient_boosting,3,1,1,0.9313366876657789
wdbc,gradient_boosting,3,1,1,0.9991695827870418
wdbc,gradient_boosting,3,1,1,0.939811307955319
wdbc,gradient_boosting,3,1,1,0.9998200733438342
wdbc,gradient_boosting,3,1,1,0.9998667382092483
wdbc,gradient_boosting,3,1,1,0.9845343545243525
wdbc,gradient_boosting,3,1,1,0.999968964010936
wdbc,gradient_boosting,3,1,1,0.999420986417483
wdbc,logistic_regression,4,0,0,3.680618297619742e-05
wdbc,logistic_regression,4,0,0,0.041263545238820816
wdbc,logistic_regression,4,0,0,0.016673559119598474
wdbc,logistic_regression,4,0,0,0.0012638398643792718
wdbc,logistic_regression,4,0,0,9.934865899627157e-05
wdbc,logistic_regression,4,0,0,1.1173967018696442e-09
wdbc,logistic_regression,4,0,0,0.00060159154452058
wdbc,logistic_regression,4,0,0,1.8486812666377967e-06
wdbc,logistic_regression,4,0,1,0.9377109046936464
wdbc,logistic_regression,4,0,0,4.099617265869176e-08
wdbc,logistic_regression,4,0,0,0.0078072055380597645
wdbc,logistic_regression,4,1,1,0.9933419510650972
wdbc,logistic_regression,4,0,0,2.325908678131511e-06
wdbc,logistic_regression,4,0,0,1.8392593485732584e-10
wdbc,logistic_regression,4,0,0,1.8924672287761433e-06
wdbc,logistic_regression,4,0,0,0.3081993057895481
wdbc,logistic_regression,4,1,1,0.9999987179821868
wdbc,logistic_regression,4,0,0,8.166193425616581e-14
wdbc,logistic_regression,4,0,0,0.0008136205704627179
wdbc,logistic_regression,4,0,0,1.4695008647075347e-05
wdbc,logistic_regression,4,1,1,0.9999985235885984
wdbc,logistic_regression,4,0,0,0.004444908842693497
wdbc,logistic_regression,4,1,1,0.9991249144549031
wdbc,logistic_regression,4,1,1,0.9999934721067771
wdbc,logistic_regression,4,1,1,0.9963533814646884
wdbc,logistic_regression,4,1,1,0.9935392446064715
wdbc,logistic_regression,4,1,1,0.9990897391192785
wdbc,logistic_regression,4,0,0,0.0021789444196021633
wdbc,logistic_regression,4,1,1,0.9998793621419481
wdbc,logistic_regression,4,0,0,0.013841369020873321
wdbc,logistic_regression,4,0,0,4.0629114759835736e-07
wdbc,logistic_regression,4,0,0,1.9543097661076277e-09
wdbc,logistic_regression,4,1,1,0.9988608179435972
wdbc,logistic_regression,4,1,1,0.991978253274626
wdbc,logistic_regression,4,1,1,0.9998232263064057
wdbc,logistic_regression,4,1,1,0.9806898714307113
wdbc,logistic_regression,4,1,1,0.9999702902223021
wdbc,logistic_regression,4,1,1,0.9998202795930212
wdbc,logistic_regression,4,0,0,1.2338990741577878e-06
wdbc,logistic_regression,4,1,1,0.9999517305516183
wdbc,logistic_regression,4,1,1,0.9827455584460194
wdbc,logistic_regression,4,1,1,0.9990419107291724
wdbc,logistic_regression,4,1,1,0.9987138713223531
wdbc,logistic_regression,4,0,0,2.8771850104050687e-09
wdbc,logistic_regression,4,0,0,5.626018337225111e-14
wdbc,logistic_regression,4,1,1,0.9999392444705516
wdbc,logistic_regression,4,1,1,0.9984563327265038
wdbc,logistic_regression,4,1,1,0.9999810131958569
wdbc,logistic_regression,4,1,1,0.9997738754162677
wdbc,logistic_regression,4,1,1,0.9999993984439047
wdbc,logistic_regression,4,1,1,0.9989486676277345
wdbc,logistic_regression,4,1,1,0.999879176004516
wdbc,logistic_regression,4,1,1,0.9999678715737932
wdbc,logistic_regression,4,0,0,0.0004825775481032556
wdbc,logistic_regression,4,0,0,7.503049653099021e-10
wdbc,logistic_regression,4,1,1,0.9990217368729047
wdbc,logistic_regression,4,1,1,0.9799198531439076
wdbc,logistic_regression,4,1,1,0.9996091583120776
wdbc,logistic_regression,4,0,0,0.0007013795189185318
wdbc,logistic_regression,4,0,0,3.709323892430209e-14
wdbc,logistic_regression,4,1,1,0.9978930723045425
wdbc,logistic_regression,4,1,1,0.9977191878898041
wdbc,logistic_regression,4,1,1,0.9976605463020756
wdbc,logistic_regression,4,0,0,2.98187081921816e-10
wdbc,logistic_regression,4,1,1,0.9798556356764305
wdbc,logistic_regression,4,1,1,0.9842870513053719
wdbc,logistic_regression,4,1,1,0.9999487511551226
wdbc,logistic_regression,4,1,1,0.9946554707470786
wdbc,logistic_regression,4,0,0,0.17257007998244467
wdbc,logistic_regression,4,1,1,0.9997566503908409
wdbc,logistic_regression,4,0,0,5.456789234232357e-06
wdbc,logistic_regression,4,0,0,2.352787627252358e-09
wdbc,logistic_regression,4,1,1,0.9928017382105245
wdbc,logistic_regression,4,1,1,0.9996781101530579
wdbc,logistic_regression,4,1,1,0.9988440181190972
wdbc,logistic_regression,4,1,1,0.9987024601960525
wdbc,logistic_regression,4,1,1,0.99557128380608
wdbc,logistic_regression,4,1,1,0.95841048434269
wdbc,logistic_regression,4,1,1,0.9999561494449917
wdbc,logistic_regression,4,1,1,0.9999891250499815
wdbc,logistic_regression,4,0,0,0.003510120541935004
wdbc,logistic_regression,4,0,0,3.6067154971376644e-06
wdbc,logistic_regression,4,1,1,0.9889506313311652
wdbc,logistic_regression,4,1,1,0.999477040578063
wdbc,logistic_regression,4,1,1,0.983706409992436
wdbc,logistic_regression,4,1,1,0.8332087728146416
wdbc,logistic_regression,4,1,1,0.9699762407774064
wdbc,logistic_regression,4,0,0,2.3801609807982125e-07
wdbc,logistic_regression,4,0,0,5.250834479567237e-25
wdbc,logistic_regression,4,1,1,0.9805650739905432
wdbc,logistic_regression,4,1,1,0.9996131573449251
wdbc,logistic_regression,4,1,1,0.999021245925668
wdbc,logistic_regression,4,1,1,0.8947302132177523
wdbc,logistic_regression,4,1,1,0.9902095682916234
wdbc,logistic_regression,4,1,1,0.9858762439257085
wdbc,logistic_regression,4,0,0,0.3294561486486346
wdbc,logistic_regression,4,1,1,0.9990906820822578
wdbc,logistic_regression,4,1,1,0.9973933179181679
wdbc,logistic_regression,4,1,1,0.9992471445778128
wdbc,logistic_regression,4,1,1,0.9838199474459719
wdbc,logistic_regression,4,1,1,0.9998328940037321
wdbc,logistic_regression,4,1,1,0.9999452131770206
wdbc,logistic_regression,4,1,1,0.9729115025169314
wdbc,logistic_regression,4,0,0,8.263475169087917e-06
wdbc,logistic_regression,4,0,0,0.3068871360149438
wdbc,logistic_regression,4,1,1,0.9018108556110143
wdbc,logistic_regression,4,1,1,0.9998970898682376
wdbc,logistic_regression,4,1,1,0.9952926685247346
wdbc,logistic_regression,4,1,1,0.9996422379208814
wdbc,logistic_regression,4,1,1,0.9999757118308088
wdbc,logistic_regression,4,1,1,0.9956232014406435
wdbc,logistic_regression,4,1,1,0.810305366205427
wdbc,logistic_regression,4,0,0,0.014651348203244293
wdbc,random_forest,4,0,0,0.06
wdbc,random_forest,4,0,0,0.285
wdbc,random_forest,4,0,0,0.105
wdbc,random_forest,4,0,0,0.005
wdbc,random_forest,4,0,0,0.01
wdbc,random_forest,4,0,0,0.0
wdbc,random_forest,4,0,0,0.04
wdbc,random_forest,4,0,0,0.0
wdbc,random_forest,4,0,1,0.95
wdbc,random_forest,4,0,0,0.01
wdbc,random_forest,4,0,0,0.16
wdbc,random_forest,4,1,1,0.99
wdbc,random_forest,4,0,0,0.0
wdbc,random_forest,4,0,0,0.005
wdbc,random_forest,4,0,0,0.0
wdbc,random_forest,4,0,0,0.405
wdbc,random_forest,4,1,1,1.0
wdbc,random_forest,4,0,0,0.0
wdbc,random_forest,4,0,0,0.05
wdbc,random_forest,4,0,0,0.025
wdbc,random_forest,4,1,1,1.0
wdbc,random_forest,4,0,0,0.055
wdbc,random_forest,4,1,1,0.97
wdbc,random_forest,4,1,1,1.0
wdbc,random_forest,4,1,1,0.995
wdbc,random_forest,4,1,1,0.705
wdbc,random_forest,4,1,1,1.0
wdbc,random_forest,4,0,0,0.015
wdbc,random_forest,4,1,1,1.0
wdbc,random_forest,4,0,0,0.26
wdbc,random_forest,4,0,0,0.0
wdbc,random_forest,4,0,0,0.01
wdbc,random_forest,4,1,1,1.0
wdbc,random_forest,4,1,1,0.995
wdbc,random_forest,4,1,1,1.0
wdbc,random_forest,4,1,1,0.99
wdbc,random_forest,4,1,1,1.0
wdbc,random_forest,4,1,1,0.97
wdbc,random_forest,4,0,0,0.0
wdbc,random_forest,4,1,1,1.0
wdbc,random_forest,4,1,1,0.855
wdbc,random_forest,4,1,1,0.985
wdbc,random_forest,4,1,1,0.995
wdbc,random_forest,4,0,0,0.005
wdbc,random_forest,4,0,0,0.0
wdbc,random_forest,4,1,1,0.995
wdbc,random_forest,4,1,1,0.99
wdbc,random_forest,4,1,1,1.0
wdbc,random_forest,4,1,1,0.95
wdbc,random_forest,4,1,1,1.0
wdbc,random_forest,4,1,1,1.0
wdbc,random_forest,4,1,1,0.99
wdbc,random_forest,4,1,1,0.995
wdbc,random_forest,4,0,0,0.0
wdbc,random_forest,4,0,0,0.0
wdbc,random_forest,4,1,1,0.985
wdbc,random_forest,4,1,1,0.99
wdbc,random_forest,4,1,1,1.0
wdbc,random_forest,4,0,0,0.02
wdbc,random_forest,4,0,0,0.0
wdbc,random_forest,4,1,1,0.985
wdbc,random_forest,4,1,1,1.0
wdbc,random_forest,4,1,1,1.0
wdbc,random_forest,4,0,0,0.0
wdbc,random_forest,4,1,1,0.955
wdbc,random_forest,4,1,1,0.95
wdbc,random_forest,4,1,1,1.0
wdbc,random_forest,4,1,1,0.97
wdbc,random_forest,4,0,1,0.86
wdbc,random_forest,4,1,1,0.99
wdbc,random_forest,4,0,0,0.0
wdbc,random_forest,4,0,0,0.0
wdbc,random_forest,4,1,1,0.99
wdbc,random_forest,4,1,1,1.0
wdbc,random_forest,4,1,1,0.99
wdbc,random_forest,4,1,1,1.0
wdbc,random_forest,4,1,1,1.0
wdbc,random_forest,4,1,1,0.92
wdbc,random_forest,4,1,1,1.0
wdbc,random_forest,4,1,1,1.0
wdbc,random_forest,4,0,0,0.135
wdbc,random_forest,4,0,0,0.0
wdbc,random_forest,4,1,1,0.995
wdbc,random_forest,4,1,1,1.0
wdbc,random_forest,4,1,1,0.77
wdbc,random_forest,4,1,1,0.95
wdbc,random_forest,4,1,1,0.965
wdbc,random_forest,4,0,0,0.0
wdbc,random_forest,4,0,0,0.0
wdbc,random_forest,4,1,1,0.68
wdbc,random_forest,4,1,1,1.0
wdbc,random_forest,4,1,1,1.0
wdbc,random_forest,4,1,0,0.435
wdbc,random_forest,4,1,1,0.85
wdbc,random_forest,4,1,1,0.995
wdbc,random_forest,4,0,0,0.3
wdbc,random_forest,4,1,1,0.82
wdbc,random_forest,4,1,1,0.985
wdbc,random_forest,4,1,1,0.985
wdbc,random_forest,4,1,1,0.995
wdbc,random_forest,4,1,1,0.99
wdbc,random_forest,4,1,1,0.99
wdbc,random_forest,4,1,1,0.935
wdbc,random_forest,4,0,0,0.005
wdbc,random_forest,4,0,1,0.53
wdbc,random_forest,4,1,1,0.88
wdbc,random_forest,4,1,1,0.955
wdbc,random_forest,4,1,1,1.0
wdbc,random_forest,4,1,1,0.985
wdbc,random_forest,4,1,1,1.0
wdbc,random_forest,4,1,1,0.9
wdbc,random_forest,4,1,1,0.94
wdbc,random_forest,4,0,0,0.085
wdbc,gradient_boosting,4,0,0,0.0005321749768807599
wdbc,gradient_boosting,4,0,1,0.6633188448174129
wdbc,gradient_boosting,4,0,0,0.0005892369210204749
wdbc,gradient_boosting,4,0,0,3.125056478757392e-05
wdbc,gradient_boosting,4,0,0,0.00016312282293070302
wdbc,gradient_boosting,4,0,0,3.012712017709056e-05
wdbc,gradient_boosting,4,0,0,3.6713663226646805e-05
wdbc,gradient_boosting,4,0,0,3.263821389332534e-05
wdbc,gradient_boosting,4,0,1,0.9999520504509462
wdbc,gradient_boosting,4,0,0,3.4009284943513974e-05
wdbc,gradient_boosting,4,0,0,0.00555906424506385
wdbc,gradient_boosting,4,1,1,0.9968154025060155
wdbc,gradient_boosting,4,0,0,2.9788089990556904e-05
wdbc,gradient_boosting,4,0,0,3.986242078490512e-05
wdbc,gradient_boosting,4,0,0,4.685694955048756e-05
wdbc,gradient_boosting,4,0,0,0.0051670942054116145
wdbc,gradient_boosting,4,1,1,0.9999627093957953
wdbc,gradient_boosting,4,0,0,3.626915250020791e-05
wdbc,gradient_boosting,4,0,0,0.003474778790495637
wdbc,gradient_boosting,4,0,0,4.201817018982549e-05
wdbc,gradient_boosting,4,1,1,0.9999121132674631
wdbc,gradient_boosting,4,0,0,0.000785810635091838
wdbc,gradient_boosting,4,1,1,0.9999460393948192
wdbc,gradient_boosting,4,1,1,0.9999752414989931
wdbc,gradient_boosting,4,1,1,0.9995389852538784
wdbc,gradient_boosting,4,1,1,0.9626329422972861
wdbc,gradient_boosting,4,1,1,0.9999093682552911
wdbc,gradient_boosting,4,0,0,0.00022996046130335936
wdbc,gradient_boosting,4,1,1,0.9999769991606682
wdbc,gradient_boosting,4,0,0,0.06023999300239259
wdbc,gradient_boosting,4,0,0,3.946011561839803e-05
wdbc,gradient_boosting,4,0,0,0.00012631057764490977
wdbc,gradient_boosting,4,1,1,0.999962160588576
wdbc,gradient_boosting,4,1,1,0.9993121179393631
wdbc,gradient_boosting,4,1,1,0.9999846836560128
wdbc,gradient_boosting,4,1,1,0.9998691398872611
wdbc,gradient_boosting,4,1,1,0.9999727674318823
wdbc,gradient_boosting,4,1,1,0.9999188364603945
wdbc,gradient_boosting,4,0,0,3.195934084529383e-05
wdbc,gradient_boosting,4,1,1,0.9999658077845183
wdbc,gradient_boosting,4,1,1,0.9987814285141522
wdbc,gradient_boosting,4,1,1,0.9997898271734746
wdbc,gradient_boosting,4,1,1,0.9998885173094846
wdbc,gradient_boosting,4,0,0,4.17293419481675e-05
wdbc,gradient_boosting,4,0,0,4.589883230419626e-05
wdbc,gradient_boosting,4,1,1,0.9999015643044126
wdbc,gradient_boosting,4,1,1,0.999348877097372
wdbc,gradient_boosting,4,1,1,0.9999510524658096
wdbc,gradient_boosting,4,1,1,0.9998308025719563
wdbc,gradient_boosting,4,1,1,0.9999395008541635
wdbc,gradient_boosting,4,1,1,0.99996968175837
wdbc,gradient_boosting,4,1,1,0.9999516876247676
wdbc,gradient_boosting,4,1,1,0.9999686723744245
wdbc,gradient_boosting,4,0,0,7.524572381025105e-05
wdbc,gradient_boosting,4,0,0,3.270255615545833e-05
wdbc,gradient_boosting,4,1,1,0.9995256012496604
wdbc,gradient_boosting,4,1,1,0.9999530492915739
wdbc,gradient_boosting,4,1,1,0.9999688392835014
wdbc,gradient_boosting,4,0,0,0.00018958954254503322
wdbc,gradient_boosting,4,0,0,4.8436876121376756e-05
wdbc,gradient_boosting,4,1,1,0.9997464165212896
wdbc,gradient_boosting,4,1,1,0.9999397416999927
wdbc,gradient_boosting,4,1,1,0.9999739887227503
wdbc,gradient_boosting,4,0,0,4.609500346569598e-05
wdbc,gradient_boosting,4,1,1,0.9997566444710324
wdbc,gradient_boosting,4,1,1,0.999656817253245
wdbc,gradient_boosting,4,1,1,0.9999841658660008
wdbc,gradient_boosting,4,1,1,0.9998333971468797
wdbc,gradient_boosting,4,0,1,0.9158996895779272
wdbc,gradient_boosting,4,1,1,0.9998290194140017
wdbc,gradient_boosting,4,0,0,2.8182272264802116e-05
wdbc,gradient_boosting,4,0,0,3.313557116507198e-05
wdbc,gradient_boosting,4,1,1,0.999628758459827
wdbc,gradient_boosting,4,1,1,0.9999767403887858
wdbc,gradient_boosting,4,1,1,0.999961818824574
wdbc,gradient_boosting,4,1,1,0.9999679458892767
wdbc,gradient_boosting,4,1,1,0.9998998960970488
wdbc,gradient_boosting,4,1,1,0.999832731451444
wdbc,gradient_boosting,4,1,1,0.999968294245299
wdbc,gradient_boosting,4,1,1,0.9999653421794951
wdbc,gradient_boosting,4,0,0,0.00014366481615792244
wdbc,gradient_boosting,4,0,0,2.7709032721683068e-05
wdbc,gradient_boosting,4,1,1,0.9999118998549941
wdbc,gradient_boosting,4,1,1,0.9997585181390011
wdbc,gradient_boosting,4,1,1,0.9888869888947603
wdbc,gradient_boosting,4,1,1,0.986714189780395
wdbc,gradient_boosting,4,1,1,0.9997760648056561
wdbc,gradient_boosting,4,0,0,2.565064763663925e-05
wdbc,gradient_boosting,4,0,0,3.129823310544137e-05
wdbc,gradient_boosting,4,1,1,0.995792558700169
wdbc,gradient_boosting,4,1,1,0.9999462484724493
wdbc,gradient_boosting,4,1,1,0.9999506130165063
wdbc,gradient_boosting,4,1,0,0.3120726818692134
wdbc,gradient_boosting,4,1,1,0.9991621500667964
wdbc,gradient_boosting,4,1,1,0.9995190082692044
wdbc,gradient_boosting,4,0,1,0.7057513432381161
wdbc,gradient_boosting,4,1,1,0.9997444810737195
wdbc,gradient_boosting,4,1,1,0.9998586427485902
wdbc,gradient_boosting,4,1,1,0.9999455630102494
wdbc,gradient_boosting,4,1,1,0.9995990626910111
wdbc,gradient_boosting,4,1,1,0.9999758401373209
wdbc,gradient_boosting,4,1,1,0.9999667401710838
wdbc,gradient_boosting,4,1,1,0.9981883379351281
wdbc,gradient_boosting,4,0,0,0.00013867213709862762
wdbc,gradient_boosting,4,0,0,0.11257679262532001
wdbc,gradient_boosting,4,1,1,0.9827868806909119
wdbc,gradient_boosting,4,1,1,0.9997487733223739
wdbc,gradient_boosting,4,1,1,0.9999168678356167
wdbc,gradient_boosting,4,1,1,0.9999188015444899
wdbc,gradient_boosting,4,1,1,0.999789246179779
wdbc,gradient_boosting,4,1,1,0.998656893547816
wdbc,gradient_boosting,4,1,1,0.9939155659600942
wdbc,gradient_boosting,4,0,0,0.0009152829917736724
